0 0.131402 0.323023 0.192595 0.506482 0.121023 0.136325 0.020056 0.114795 0.125483 0.013809 0.119980 0.125028 0.012799 0.086272 0.129279 0.801569 0.129303 0.123790 0.815087 0.072357 0.195897 0.994762 0.161136 0.188904 0.992915 0.055050 0.298681 0.910588 0.204527 0.294269 0.811583 0.069558 0.403163 0.353993 0.197234 0.388101 0.218124 0.116856 0.415600 0.986617 0.172873 0.413814 0.984092 0.125079 0.563889 0.801428 0.177568 0.557818 0.759915 0.131793 0.684989 0.266892 0.180800 0.681118 0.237163 -1 0
0 0.350309 0.311834 0.083670 0.160119 0.353266 0.274668 0.872958 0.355702 0.268642 0.599406 0.349163 0.270495 0.885145 0.358716 0.259936 0.294255 0.340582 0.264335 0.914059 0.367291 0.279293 0.991599 0.326798 0.286200 0.994498 0.378320 0.317163 0.954956 0.314684 0.328490 0.985098 0.384222 0.348103 0.900109 0.324158 0.359428 0.959376 0.364345 0.371060 0.931015 0.337899 0.375051 0.939212 0.364818 0.422610 0.164661 0.339951 0.425811 0.196119 0.360908 0.447135 0.015300 0.340310 0.450039 0.017480 -1 0
0 0.707383 0.313940 0.085349 0.281728 0.708232 0.211044 0.004079 0.705078 0.204532 0.002804 0.708040 0.205117 0.002361 0.693375 0.208342 0.638556 0.716881 0.207875 0.641223 0.684104 0.252110 0.995192 0.730401 0.250022 0.995510 0.672258 0.310359 0.931827 0.744532 0.305532 0.950043 0.680239 0.302211 0.367914 0.727304 0.301302 0.451654 0.690056 0.352637 0.995204 0.719562 0.352295 0.995187 0.690354 0.430882 0.849222 0.715391 0.432740 0.849011 0.692268 0.492864 0.303588 0.711751 0.498127 0.303856 -1 0
0 0.222140 0.295377 0.063237 0.339058 0.197048 0.162105 0.979238 0.204107 0.154317 0.993319 0.195652 0.153995 0.534015 0.221601 0.164132 0.989230 0.205137 0.159781 0.013597 0.228409 0.221190 0.994590 0.219367 0.211864 0.714566 0.227125 0.306777 0.904727 0.213715 0.291309 0.054393 0.208450 0.347906 0.614558 0.205420 0.340387 0.057181 0.226180 0.360045 0.924438 0.220692 0.354021 0.557310 0.223122 0.460076 0.676844 0.221629 0.454236 0.167045 0.227159 0.546749 0.247933 0.223701 0.540766 0.058359 -1 0
0 0.501572 0.308969 0.057525 0.163756 0.492009 0.265524 0.932857 0.495300 0.259335 0.962126 0.490758 0.259635 0.606954 0.505381 0.257407 0.947783 0.490860 0.259131 0.067477 0.516986 0.287205 0.992880 0.491597 0.286664 0.971435 0.524855 0.331411 0.990090 0.484853 0.325345 0.836829 0.502229 0.344255 0.971442 0.479408 0.341736 0.770496 0.508122 0.365493 0.941401 0.490944 0.362891 0.891172 0.509366 0.414911 0.211104 0.488758 0.411844 0.098969 0.512541 0.436164 0.019914 0.493678 0.431135 0.010224 -1 0
0 0.862717 0.400969 0.092200 0.429274 0.892544 0.233414 0.291607 0.891560 0.224053 0.031201 0.891898 0.225395 0.396324 0.864041 0.221189 0.091510 0.882849 0.226069 0.959874 0.838199 0.265383 0.967522 0.881632 0.274511 0.996885 0.827452 0.329135 0.297617 0.893792 0.334238 0.871493 0.843749 0.356335 0.091726 0.902725 0.340060 0.335789 0.834280 0.397725 0.991493 0.864061 0.403252 0.997299 0.833839 0.490538 0.994178 0.863230 0.492966 0.998022 0.834293 0.578762 0.992249 0.854588 0.583749 0.996264 -1 0
0 0.444704 0.289346 0.076577 0.192887 0.430162 0.232371 0.944155 0.432804 0.226019 0.966204 0.428258 0.226203 0.315258 0.443198 0.221466 0.954252 0.433739 0.222321 0.013531 0.450798 0.251048 0.986936 0.445833 0.247661 0.876791 0.450903 0.300474 0.980538 0.445038 0.290581 0.318095 0.424542 0.293126 0.960591 0.424745 0.290486 0.337736 0.447457 0.346190 0.892480 0.443998 0.342388 0.732602 0.445211 0.402787 0.340667 0.443750 0.399166 0.120050 0.446830 0.439970 0.046488 0.446448 0.435542 0.019075 -1 0
0 0.929643 0.450956 0.106387 0.390819 0.954733 0.303862 0.020828 0.952357 0.296563 0.022159 0.954813 0.297821 0.011863 0.937870 0.300697 0.760405 0.964641 0.302641 0.648168 0.925185 0.346605 0.997818 0.970887 0.344093 0.969689 0.907848 0.408378 0.988803 0.980155 0.379164 0.451211 0.887673 0.451552 0.869152 0.976031 0.379571 0.126447 0.922302 0.456342 0.999112 0.953080 0.456138 0.996275 0.911598 0.538134 0.999050 0.946559 0.541420 0.994213 0.908115 0.620959 0.997750 0.939064 0.624660 0.990236 -1 0
0 0.037904 0.496343 0.075807 0.515876 0.000000 0.308821 0.000816 0.000000 0.297840 0.000523 0.000000 0.297070 0.000699 0.000000 0.299716 0.040086 0.007615 0.295212 0.089524 0.003529 0.365207 0.034524 0.025805 0.357236 0.783277 0.013445 0.455438 0.006626 0.041206 0.443551 0.278544 0.008665 0.504652 0.003445 0.035676 0.502329 0.025702 0.014464 0.533043 0.457421 0.031060 0.528526 0.922332 0.026677 0.655685 0.283129 0.041166 0.648701 0.855849 0.055512 0.753365 0.269694 0.068973 0.743132 0.756255 -1 0
0 0.288224 0.303555 0.048775 0.199512 0.297680 0.223683 0.299858 0.295390 0.218656 0.030500 0.296305 0.218801 0.498439 0.277788 0.221023 0.044824 0.290546 0.221784 0.963535 0.269643 0.249246 0.913093 0.290622 0.251072 0.989031 0.268696 0.292400 0.281443 0.295143 0.297407 0.968955 0.282457 0.330914 0.167990 0.306453 0.338095 0.847133 0.276073 0.330807 0.897586 0.290560 0.332449 0.965715 0.280821 0.390151 0.372800 0.291869 0.390499 0.719457 0.280439 0.431642 0.119987 0.290692 0.432848 0.286372 -1 0
