0 0.652747 0.604498 0.316320 0.549377 0.629221 0.433930 0.946466 0.635094 0.419682 0.836683 0.620813 0.421815 0.812008 0.648787 0.402669 0.554017 0.610511 0.409410 0.448161 0.672671 0.433880 0.983078 0.592606 0.438655 0.982705 0.650524 0.517865 0.968051 0.554896 0.517428 0.962553 0.593004 0.513564 0.949044 0.567540 0.507271 0.941790 0.676128 0.594990 0.995009 0.606834 0.598225 0.995090 0.735287 0.691180 0.988620 0.568407 0.695424 0.987438 0.769671 0.830875 0.959012 0.528735 0.831439 0.958046 -1 0
0 0.250361 0.682411 0.313991 0.388636 0.246626 0.555590 0.922219 0.248809 0.543040 0.393956 0.235442 0.544643 0.925538 0.244213 0.550342 0.052116 0.209045 0.552362 0.905038 0.250351 0.612220 0.976078 0.170368 0.618607 0.984201 0.302415 0.638601 0.957288 0.115325 0.711749 0.981391 0.359421 0.670196 0.949360 0.132730 0.792305 0.977850 0.210466 0.755442 0.995172 0.162938 0.763076 0.995663 0.318438 0.745751 0.986912 0.266443 0.728964 0.988510 0.227941 0.835709 0.959845 0.184766 0.843018 0.961652 -1 0
0 0.090866 0.593005 0.181731 0.560050 0.165119 0.389322 0.930384 0.165270 0.375902 0.138359 0.155353 0.378867 0.944140 0.146741 0.373518 0.002063 0.125463 0.380654 0.941589 0.137218 0.430634 0.980013 0.094423 0.420619 0.989735 0.097825 0.518187 0.982182 0.034006 0.492124 0.987181 0.085044 0.593790 0.984820 0.027043 0.589563 0.983423 0.052137 0.575058 0.989674 0.013178 0.568761 0.991064 0.110271 0.654815 0.969168 0.021338 0.663296 0.971775 0.105140 0.817113 0.738247 0.006896 0.824049 0.700275 -1 0
0 0.955746 0.492514 0.088508 0.464714 0.975332 0.303920 0.985792 0.980445 0.295761 0.944578 0.969558 0.294624 0.993455 0.986583 0.300693 0.297323 0.958952 0.297949 0.965949 0.992977 0.353958 0.929179 0.942016 0.350908 0.996888 0.997829 0.421353 0.197072 0.923097 0.419968 0.905586 0.995577 0.468079 0.168375 0.923473 0.485455 0.661097 0.988636 0.478192 0.940682 0.955690 0.477219 0.988065 0.984139 0.582363 0.931998 0.953509 0.580195 0.986963 0.977340 0.683666 0.905273 0.949498 0.684783 0.971890 -1 0
0 0.396239 0.579161 0.120905 0.331919 0.388116 0.454943 0.990126 0.392845 0.446849 0.955209 0.382593 0.446496 0.992373 0.398395 0.451443 0.394668 0.371575 0.450239 0.958635 0.408297 0.497429 0.996230 0.356232 0.497986 0.997670 0.413400 0.566130 0.917221 0.360209 0.569240 0.970865 0.403181 0.607366 0.836810 0.386499 0.609767 0.932598 0.404426 0.599260 0.995327 0.366133 0.602351 0.996115 0.445348 0.615056 0.994882 0.363776 0.616587 0.996276 0.422991 0.709248 0.989994 0.353553 0.712131 0.991776 -1 0
0 0.551361 0.381550 0.094256 0.189105 0.549399 0.323128 0.981705 0.554021 0.315900 0.961230 0.543471 0.316317 0.984514 0.560359 0.320323 0.516002 0.533571 0.321706 0.898602 0.576873 0.362964 0.986927 0.521155 0.367246 0.978448 0.591244 0.422052 0.871485 0.514161 0.429796 0.636244 0.583295 0.470238 0.706808 0.526433 0.472876 0.424952 0.572094 0.483207 0.825936 0.535290 0.485951 0.789652 0.574132 0.567935 0.163625 0.537397 0.570797 0.118896 0.574392 0.622010 0.024495 0.541042 0.623097 0.017760 -1 0
0 0.914258 0.577167 0.133376 0.329414 0.917963 0.452590 0.989289 0.923633 0.446140 0.974985 0.913150 0.443642 0.989614 0.929333 0.452118 0.680595 0.903143 0.445688 0.919049 0.932134 0.491129 0.996387 0.883838 0.481596 0.998490 0.943498 0.552420 0.962321 0.881747 0.548078 0.995420 0.933464 0.569831 0.951809 0.915554 0.575820 0.991578 0.909922 0.586714 0.994399 0.873956 0.584244 0.995933 0.959516 0.591188 0.989516 0.888546 0.587709 0.994405 0.952974 0.705442 0.973348 0.879070 0.707727 0.983419 -1 0
0 0.746886 0.516911 0.103743 0.427704 0.740287 0.341760 0.990944 0.745376 0.334087 0.988574 0.734577 0.335272 0.982966 0.753801 0.340303 0.878241 0.727579 0.343129 0.803606 0.768087 0.392354 0.998462 0.716885 0.394745 0.998111 0.779680 0.456039 0.990739 0.702577 0.453685 0.982349 0.783152 0.515254 0.986978 0.717867 0.490848 0.977477 0.762595 0.509720 0.998237 0.728642 0.511831 0.998049 0.765484 0.601667 0.995531 0.728152 0.604692 0.994840 0.766072 0.695968 0.973957 0.718895 0.696547 0.970918 -1 0
0 0.524243 0.579583 0.102967 0.329459 0.524233 0.454478 0.987314 0.529343 0.446927 0.975453 0.518555 0.447309 0.990103 0.536538 0.449181 0.744723 0.509615 0.450341 0.924182 0.550868 0.488094 0.989054 0.496851 0.488918 0.998900 0.560820 0.547741 0.676390 0.485135 0.546650 0.995652 0.539056 0.578357 0.607127 0.505960 0.570548 0.988114 0.546214 0.589245 0.989804 0.509130 0.590105 0.996602 0.559324 0.599962 0.984649 0.497781 0.598471 0.996186 0.559008 0.703388 0.975617 0.495913 0.704711 0.991674 -1 0
0 0.372419 0.387119 0.088328 0.251784 0.364705 0.303051 0.984258 0.370275 0.295439 0.979092 0.359078 0.295840 0.979836 0.378885 0.301115 0.837499 0.350724 0.302329 0.827470 0.393386 0.345601 0.992709 0.341586 0.350763 0.995693 0.411137 0.400209 0.949086 0.346330 0.409975 0.986676 0.371097 0.384857 0.936060 0.389929 0.398508 0.977607 0.388690 0.470916 0.954240 0.353065 0.471758 0.961143 0.389967 0.564120 0.375853 0.351979 0.563489 0.444759 0.387376 0.646559 0.038671 0.351058 0.647674 0.049180 -1 0
0 0.459327 0.434853 0.096090 0.352383 0.459191 0.300858 0.985430 0.464502 0.293055 0.964062 0.453787 0.292695 0.986910 0.471609 0.297548 0.566936 0.444227 0.296602 0.908916 0.486785 0.346529 0.991864 0.429921 0.350039 0.994334 0.497417 0.410776 0.823128 0.420686 0.420035 0.906847 0.494868 0.461556 0.656508 0.433331 0.459464 0.796158 0.484657 0.477686 0.984085 0.447312 0.481177 0.987082 0.486632 0.577228 0.933262 0.448177 0.581841 0.945114 0.485748 0.675805 0.723264 0.447476 0.682892 0.745374 -1 0
