0 0.364884 0.755602 0.210171 0.480029 0.381125 0.574477 0.996889 0.388779 0.565505 0.977128 0.368862 0.564975 0.998086 0.395652 0.570182 0.242496 0.346016 0.569754 0.983256 0.415916 0.629638 0.998260 0.314830 0.632456 0.998452 0.455798 0.703269 0.993817 0.276687 0.710302 0.995143 0.415431 0.711208 0.995110 0.342140 0.721099 0.995997 0.401297 0.800217 0.996664 0.339274 0.805354 0.996787 0.392593 0.913446 0.934841 0.353353 0.924743 0.942564 0.360815 0.956292 0.375523 0.353483 0.997322 0.370766 -1 0
0 0.502210 0.722432 0.113111 0.336097 0.486775 0.594562 0.993267 0.492738 0.588441 0.995234 0.483501 0.588139 0.909443 0.507467 0.587579 0.970978 0.481402 0.587674 0.094429 0.529951 0.618615 0.997967 0.473759 0.619701 0.996599 0.551362 0.662698 0.983758 0.461607 0.663987 0.957656 0.529992 0.694081 0.975821 0.477772 0.688188 0.948357 0.518435 0.714963 0.998229 0.480923 0.714479 0.997931 0.517348 0.786709 0.997117 0.474708 0.785611 0.996601 0.515394 0.856879 0.983291 0.470206 0.858076 0.982487 -1 0
0 0.775679 0.705360 0.098553 0.339951 0.783764 0.564741 0.009294 0.781555 0.558959 0.006947 0.782913 0.559642 0.005361 0.766088 0.562661 0.796533 0.792183 0.562906 0.796555 0.751929 0.600234 0.999365 0.808164 0.602439 0.999041 0.737309 0.647943 0.993660 0.814510 0.656031 0.980033 0.749454 0.679541 0.908474 0.797971 0.677494 0.773826 0.760058 0.694872 0.999751 0.796640 0.695956 0.999690 0.759746 0.766401 0.999012 0.784561 0.766813 0.998595 0.774843 0.834859 0.993326 0.780348 0.839115 0.991197 -1 0
0 0.600271 0.710370 0.108595 0.356599 0.572848 0.568412 0.993023 0.579331 0.561925 0.996171 0.568804 0.562160 0.908703 0.594974 0.564206 0.978444 0.566394 0.565700 0.112425 0.621091 0.603661 0.998405 0.560036 0.608982 0.983970 0.641551 0.655958 0.982946 0.555368 0.665929 0.567075 0.636447 0.705964 0.960333 0.556997 0.717703 0.527132 0.611725 0.712176 0.997645 0.572975 0.713312 0.992495 0.612848 0.783555 0.998586 0.575061 0.784301 0.995307 0.609088 0.847930 0.995904 0.574284 0.857071 0.990431 -1 0
0 0.886469 0.709455 0.089258 0.310395 0.872861 0.584444 0.009608 0.873027 0.579081 0.008797 0.873757 0.579532 0.003818 0.872677 0.582668 0.789814 0.898847 0.581974 0.642774 0.863324 0.618718 0.999041 0.913679 0.617720 0.995337 0.851159 0.667460 0.990007 0.924716 0.658146 0.712945 0.854264 0.699541 0.836029 0.906051 0.673059 0.172715 0.871537 0.702123 0.999559 0.905594 0.702146 0.999084 0.865218 0.766824 0.999035 0.899194 0.769975 0.997560 0.865416 0.829371 0.996026 0.898438 0.837817 0.991536 -1 0
0 0.971055 0.751839 0.057891 0.419565 0.967593 0.590870 0.039688 0.968312 0.583619 0.116224 0.969813 0.583765 0.008974 0.973901 0.585838 0.780349 0.996780 0.584344 0.054487 0.967293 0.628912 0.980701 0.999411 0.626093 0.044015 0.958546 0.696862 0.830730 0.992704 0.694839 0.002322 0.978891 0.687013 0.291544 0.989937 0.686060 0.003723 0.979803 0.753687 0.882673 1.000000 0.753468 0.137546 0.976248 0.841940 0.896571 0.990632 0.839192 0.133522 0.972651 0.930049 0.859618 0.982338 0.925877 0.226387 -1 0
0 0.838998 0.648340 0.068203 0.234687 0.825970 0.550961 0.029153 0.826033 0.546969 0.023897 0.827489 0.547640 0.013421 0.826669 0.549175 0.716415 0.844644 0.549464 0.524075 0.817425 0.573927 0.980443 0.856811 0.574574 0.993417 0.808483 0.605711 0.489017 0.868503 0.606142 0.796090 0.809654 0.631690 0.064151 0.863623 0.632515 0.154413 0.825054 0.640355 0.988586 0.851578 0.640771 0.993894 0.830684 0.693381 0.954555 0.851826 0.691686 0.977878 0.839408 0.746661 0.906249 0.853199 0.742675 0.947105 -1 0
0 0.710141 0.630048 0.051737 0.148677 0.705552 0.568559 0.014973 0.704705 0.566102 0.010449 0.705672 0.566573 0.008125 0.701362 0.568389 0.599184 0.714184 0.567995 0.545150 0.696574 0.585196 0.993854 0.723015 0.583919 0.992368 0.690358 0.604838 0.892727 0.731728 0.602890 0.865627 0.694162 0.605563 0.381118 0.724584 0.606998 0.344931 0.702340 0.626247 0.997381 0.718796 0.625554 0.997105 0.705448 0.659122 0.989002 0.714747 0.658634 0.988278 0.711329 0.688505 0.967941 0.712077 0.688706 0.966559 -1 0
0 0.941946 0.649632 0.059936 0.216568 0.940610 0.566311 0.081014 0.941421 0.562593 0.134430 0.942568 0.562600 0.015352 0.944890 0.564345 0.847808 0.962247 0.562990 0.139343 0.940524 0.585235 0.991295 0.972323 0.583352 0.766926 0.927967 0.616691 0.917989 0.967608 0.612306 0.091535 0.925469 0.608291 0.501562 0.948694 0.606768 0.037369 0.944492 0.649917 0.983848 0.967612 0.648831 0.899680 0.936139 0.697402 0.952787 0.960913 0.697324 0.706286 0.930759 0.743771 0.886633 0.953352 0.740859 0.615665 -1 0
0 0.636751 0.595421 0.060225 0.122114 0.625550 0.560756 0.962319 0.630543 0.556107 0.951740 0.620343 0.555549 0.963684 0.636472 0.558728 0.617425 0.610873 0.557351 0.800977 0.646593 0.588630 0.977893 0.601512 0.586378 0.796710 0.654971 0.627893 0.827278 0.598873 0.623956 0.155921 0.654631 0.646714 0.561390 0.615275 0.645966 0.106789 0.636759 0.664666 0.695852 0.606969 0.663755 0.388302 0.639336 0.713681 0.124432 0.611408 0.714496 0.032257 0.640245 0.729289 0.038545 0.615959 0.730429 0.012323 -1 0
