0 0.733519 0.213069 0.112452 0.241113 0.742180 0.150425 0.982984 0.752725 0.142072 0.985122 0.736531 0.134504 0.980879 0.763455 0.149288 0.823308 0.724420 0.130804 0.774246 0.770114 0.214942 0.985546 0.694599 0.183491 0.935971 0.765271 0.312701 0.776134 0.674956 0.264421 0.267770 0.743422 0.358114 0.517546 0.689846 0.330243 0.167711 0.735212 0.352793 0.536562 0.684435 0.338443 0.330095 0.733639 0.434792 0.057950 0.683079 0.419422 0.022885 0.728687 0.455035 0.014141 0.690252 0.461925 0.006706 -1 0
0 0.437278 0.765908 0.213791 0.468183 0.434489 0.621084 0.962409 0.446462 0.613849 0.975302 0.436391 0.609658 0.218922 0.478126 0.627280 0.982822 0.449337 0.615392 0.005510 0.502695 0.704654 0.997409 0.436903 0.673587 0.995810 0.511627 0.794715 0.995219 0.396486 0.676643 0.982414 0.472443 0.836197 0.986732 0.370019 0.630779 0.977557 0.481452 0.858874 0.996785 0.439426 0.845088 0.996159 0.492112 0.953310 0.890542 0.468644 0.937960 0.881533 0.509218 1.000000 0.148603 0.487638 0.988777 0.159785 -1 0
0 0.691038 0.597461 0.247502 0.803776 0.663673 0.325701 0.996400 0.680433 0.307005 0.993663 0.651637 0.301020 0.956062 0.715427 0.288441 0.959103 0.639232 0.277527 0.348627 0.756333 0.367011 0.997532 0.616378 0.363357 0.994328 0.781813 0.504694 0.989549 0.622442 0.518814 0.984945 0.766611 0.636847 0.986739 0.674507 0.647447 0.983606 0.708819 0.626616 0.995129 0.621188 0.621387 0.994507 0.680945 0.823634 0.941835 0.621616 0.818454 0.937362 0.658392 0.983430 0.385722 0.621005 0.984076 0.389221 -1 0
0 0.332125 0.232755 0.129380 0.335268 0.324409 0.169473 0.984213 0.330236 0.148155 0.989417 0.309034 0.159214 0.988886 0.346189 0.121647 0.852543 0.294633 0.152951 0.815133 0.383093 0.167471 0.908252 0.295897 0.216902 0.993529 0.411970 0.237634 0.162583 0.284332 0.315816 0.950112 0.390387 0.339838 0.108859 0.285984 0.387868 0.811754 0.401299 0.371020 0.621535 0.343707 0.390416 0.878189 0.393017 0.510557 0.022861 0.344164 0.522097 0.121722 0.384040 0.552389 0.003078 0.337688 0.569998 0.012820 -1 0
0 0.509951 0.195933 0.090185 0.174626 0.487884 0.156139 0.963315 0.497606 0.148338 0.984241 0.479941 0.146615 0.971859 0.511102 0.162531 0.889003 0.468526 0.158710 0.728036 0.533899 0.230926 0.921236 0.451357 0.224494 0.842477 0.541184 0.313294 0.165790 0.441013 0.300802 0.088429 0.517625 0.321264 0.062054 0.460695 0.302854 0.044278 0.514607 0.360227 0.084141 0.459653 0.356951 0.055804 0.512006 0.363874 0.012635 0.460697 0.359073 0.008267 0.508505 0.383753 0.016508 0.467033 0.390532 0.012192 -1 0
0 0.200652 0.464309 0.271858 0.552258 0.172028 0.309488 0.995118 0.176743 0.283538 0.935751 0.153624 0.296435 0.995544 0.179834 0.262522 0.164349 0.112953 0.292834 0.973878 0.187824 0.302025 0.983232 0.099764 0.394782 0.983720 0.245909 0.314022 0.935567 0.112265 0.553237 0.929391 0.286069 0.363821 0.918038 0.142037 0.688693 0.896299 0.215781 0.578005 0.929642 0.156247 0.623435 0.923727 0.249461 0.735677 0.470725 0.172252 0.787460 0.431394 0.254318 0.826416 0.053778 0.167927 0.858881 0.045860 -1 0
0 0.145815 0.197579 0.137369 0.173844 0.110357 0.176185 0.974250 0.112258 0.159058 0.991316 0.101206 0.171865 0.724575 0.134463 0.143125 0.977520 0.100523 0.175384 0.035674 0.196138 0.192954 0.960266 0.114674 0.221960 0.829315 0.217104 0.272919 0.353398 0.107983 0.294465 0.082987 0.186704 0.317364 0.074652 0.114795 0.299870 0.028636 0.196089 0.339293 0.189547 0.141580 0.346309 0.102766 0.179214 0.349819 0.013753 0.126356 0.348825 0.006596 0.181746 0.362399 0.006759 0.145603 0.358072 0.004405 -1 0
0 0.241783 0.236800 0.075752 0.132508 0.260857 0.247546 0.934081 0.267063 0.229829 0.909390 0.246243 0.235771 0.970796 0.276234 0.227618 0.269164 0.224333 0.242409 0.809060 0.285149 0.297801 0.416840 0.215357 0.313406 0.579113 0.295730 0.351489 0.027335 0.217441 0.367324 0.050064 0.279119 0.348561 0.024292 0.254527 0.355935 0.032241 0.283398 0.419052 0.012205 0.237855 0.427751 0.018013 0.282308 0.374740 0.004572 0.248584 0.384416 0.006518 0.264344 0.410594 0.013735 0.241698 0.418417 0.017666 -1 0
0 0.943818 0.576672 0.112365 0.845031 1.000000 0.248717 0.087580 1.000000 0.233930 0.023380 1.000000 0.233786 0.036053 1.000000 0.246151 0.013497 1.000000 0.247948 0.026637 1.000000 0.364933 0.097062 0.978962 0.332494 0.414886 0.996559 0.534260 0.355621 0.916973 0.415631 0.863277 0.952242 0.430108 0.756100 0.909925 0.382361 0.950100 0.975343 0.672093 0.647061 0.945452 0.655995 0.818570 0.972871 0.882973 0.382829 0.949364 0.875409 0.559333 0.975945 0.986574 0.079913 0.953733 0.975205 0.123740 -1 0
0 0.208806 0.734338 0.172233 0.530165 0.231030 0.599303 0.992369 0.235224 0.576897 0.888477 0.213449 0.587494 0.994735 0.236821 0.560712 0.042119 0.177474 0.587364 0.965250 0.234590 0.630318 0.987262 0.179252 0.680514 0.990309 0.254686 0.698233 0.944393 0.169453 0.786985 0.942107 0.275580 0.730552 0.923642 0.143002 0.717081 0.927163 0.252261 0.859300 0.937908 0.215134 0.883217 0.936089 0.253436 0.944581 0.185727 0.220269 0.961451 0.165436 0.245666 0.979176 0.008156 0.222668 0.991758 0.006851 -1 0
0 0.582807 0.219181 0.097679 0.213149 0.582291 0.166195 0.975973 0.590528 0.158549 0.964249 0.575642 0.156038 0.981313 0.599487 0.165741 0.593324 0.563021 0.159394 0.889578 0.606055 0.218088 0.988079 0.543301 0.214109 0.925543 0.624732 0.285931 0.913366 0.534260 0.282375 0.263569 0.600753 0.220306 0.828912 0.553346 0.241755 0.226501 0.593243 0.341290 0.633393 0.551114 0.341403 0.373413 0.597619 0.395638 0.066106 0.555845 0.406724 0.019587 0.593691 0.430350 0.014462 0.555031 0.434692 0.005194 -1 0
