0 0.713773 0.611759 0.380214 0.681749 0.738438 0.351877 0.890173 0.734582 0.337976 0.211885 0.729029 0.341522 0.968772 0.703580 0.338081 0.036175 0.703504 0.349109 0.996700 0.651783 0.396907 0.981448 0.735139 0.404082 0.985680 0.660681 0.514148 0.724118 0.732189 0.441900 0.647776 0.704525 0.439345 0.341556 0.684149 0.407848 0.249494 0.689683 0.609801 0.989180 0.718446 0.628157 0.988138 0.796558 0.720157 0.992942 0.662140 0.795161 0.989113 0.836328 0.895973 0.980545 0.555226 0.864361 0.969475 -1 0
0 0.275841 0.742086 0.300832 0.421030 0.294281 0.602683 0.974069 0.296052 0.590850 0.481252 0.283468 0.592996 0.980567 0.291150 0.596047 0.009249 0.256101 0.600489 0.961414 0.304510 0.651539 0.995005 0.218044 0.646673 0.994063 0.352998 0.710907 0.987411 0.157020 0.715179 0.979252 0.394829 0.769025 0.973410 0.155400 0.793863 0.950796 0.252503 0.812645 0.997946 0.193078 0.813140 0.997625 0.345316 0.761135 0.994331 0.233361 0.757779 0.994370 0.293700 0.890580 0.978507 0.175816 0.895513 0.975445 -1 0
0 0.113650 0.662249 0.201709 0.566108 0.194153 0.452117 0.950290 0.194263 0.439046 0.257176 0.185305 0.440553 0.968718 0.178714 0.444641 0.007013 0.155281 0.445220 0.974451 0.172798 0.519533 0.994361 0.113497 0.501237 0.998631 0.179013 0.599408 0.966390 0.042674 0.567918 0.998499 0.227950 0.661085 0.949360 0.069587 0.653387 0.996193 0.119770 0.668153 0.998889 0.073719 0.667082 0.999312 0.188413 0.744413 0.994177 0.098653 0.761216 0.997312 0.173005 0.882044 0.940016 0.033957 0.884945 0.959432 -1 0
0 0.810350 0.085734 0.116133 0.168657 0.818583 0.035651 0.974855 0.824303 0.025572 0.954232 0.810843 0.025913 0.982972 0.831772 0.032100 0.561107 0.797348 0.033258 0.918045 0.848295 0.089788 0.982893 0.775043 0.091594 0.981601 0.857002 0.168112 0.778144 0.765653 0.171732 0.728107 0.846065 0.211235 0.511947 0.786635 0.209714 0.438714 0.838315 0.212028 0.501346 0.788443 0.214283 0.468876 0.860303 0.193528 0.056361 0.789036 0.196639 0.051840 0.848850 0.257459 0.019482 0.789180 0.259778 0.017880 -1 0
0 0.549633 0.089259 0.099310 0.170266 0.553714 0.052863 0.986399 0.559043 0.043047 0.968013 0.545846 0.044495 0.990739 0.566389 0.048549 0.626301 0.532484 0.052102 0.957823 0.581821 0.100230 0.993286 0.516165 0.103153 0.994010 0.589000 0.174128 0.947081 0.514153 0.174867 0.947811 0.562053 0.127964 0.918990 0.544629 0.126051 0.914930 0.574323 0.219193 0.527000 0.529948 0.221700 0.522743 0.582084 0.175899 0.045595 0.532270 0.180838 0.044953 0.574403 0.233951 0.012003 0.539598 0.237056 0.011562 -1 0
0 0.931371 0.085406 0.131231 0.168092 0.947223 0.022286 0.971596 0.952591 0.013633 0.899006 0.939676 0.012557 0.981589 0.958004 0.019972 0.375027 0.922856 0.017533 0.957142 0.973021 0.078779 0.991867 0.895097 0.078245 0.993885 0.986652 0.153971 0.874722 0.876895 0.156199 0.914940 0.968638 0.190425 0.631659 0.896275 0.197840 0.696287 0.960915 0.207549 0.684464 0.907803 0.209650 0.689620 0.980833 0.222240 0.044039 0.903693 0.230365 0.047216 0.968528 0.279989 0.007439 0.903862 0.285821 0.007483 -1 0
0 0.662842 0.088791 0.134136 0.166256 0.663260 0.069957 0.981587 0.669883 0.059127 0.983897 0.656486 0.058919 0.982341 0.680664 0.057106 0.856885 0.646352 0.057511 0.823265 0.703470 0.102688 0.974983 0.629965 0.103858 0.988835 0.723005 0.175161 0.595379 0.604210 0.163172 0.907483 0.704271 0.201417 0.342032 0.637195 0.190359 0.740687 0.699458 0.221933 0.275979 0.650709 0.224582 0.345232 0.719982 0.164807 0.022920 0.644491 0.183132 0.039237 0.705082 0.240847 0.012083 0.649558 0.247477 0.018565 -1 0
0 0.280405 0.113570 0.141390 0.222755 0.283411 0.000617 0.001655 0.288846 0.000000 0.000790 0.279649 0.000000 0.000655 0.302812 0.000000 0.008276 0.274783 0.000000 0.008299 0.315147 0.011582 0.414441 0.264071 0.005693 0.312803 0.325057 0.040585 0.915051 0.241668 0.044751 0.823360 0.303873 0.002888 0.904082 0.253610 0.008002 0.812770 0.306611 0.119396 0.985966 0.268601 0.109977 0.982129 0.335655 0.116503 0.988669 0.250677 0.064641 0.985130 0.310051 0.199677 0.975292 0.233387 0.154974 0.974488 -1 0
0 0.131259 0.078453 0.084778 0.154720 0.135916 0.007590 0.002237 0.140022 0.001933 0.001844 0.131699 0.000025 0.001609 0.147510 0.008860 0.007947 0.122783 0.004822 0.007296 0.158123 0.012462 0.017242 0.107789 0.012761 0.015951 0.163380 0.000000 0.048004 0.099153 0.003761 0.046334 0.141984 0.005588 0.090205 0.115486 0.004879 0.087600 0.147235 0.018656 0.538254 0.111939 0.019563 0.531202 0.161668 0.020115 0.934586 0.111718 0.019705 0.933987 0.138910 0.122597 0.980512 0.110155 0.126221 0.980300 -1 0
0 0.535429 0.069952 0.146075 0.139903 0.542323 0.011011 0.113129 0.547885 0.006898 0.086355 0.536665 0.007170 0.093000 0.559208 0.002221 0.114243 0.525827 0.003468 0.132384 0.579768 0.008860 0.707463 0.505847 0.006640 0.814016 0.588099 0.075056 0.867852 0.483221 0.057659 0.961240 0.558366 0.103355 0.836551 0.471845 0.093887 0.937987 0.565835 0.113737 0.781775 0.514524 0.110340 0.820656 0.575740 0.136516 0.110590 0.489053 0.136506 0.145480 0.569834 0.203567 0.014271 0.497132 0.199710 0.018202 -1 0
0 0.052708 0.100659 0.090287 0.200184 0.018079 0.005717 0.040711 0.020779 0.000000 0.030465 0.019353 0.000000 0.011059 0.030725 0.002331 0.194352 0.031840 0.001437 0.042129 0.057678 0.031796 0.824599 0.035373 0.037744 0.750467 0.071190 0.096416 0.723495 0.023118 0.094300 0.542815 0.068347 0.135330 0.430028 0.026015 0.080206 0.341345 0.066861 0.132301 0.746918 0.052560 0.134625 0.715869 0.056336 0.033677 0.540656 0.048298 0.046409 0.490395 0.087098 0.143307 0.419120 0.060645 0.147814 0.381595 -1 0
