0 0.161189 0.681720 0.100396 0.424921 0.172213 0.515029 0.995513 0.176646 0.507049 0.877569 0.166761 0.506404 0.996642 0.178130 0.503017 0.034756 0.150679 0.500127 0.980933 0.179511 0.539680 0.997203 0.131508 0.537330 0.998685 0.195922 0.596988 0.970016 0.120447 0.601062 0.995110 0.199758 0.571244 0.975092 0.163947 0.579730 0.994948 0.178689 0.664054 0.999140 0.146738 0.666559 0.999354 0.183089 0.763045 0.999492 0.138414 0.767648 0.999639 0.173202 0.854566 0.997550 0.135647 0.866171 0.997884 -1 0
0 0.049802 0.692215 0.099604 0.329769 0.036070 0.564719 0.958209 0.038769 0.557391 0.982626 0.036585 0.557024 0.188913 0.052252 0.554790 0.994940 0.056825 0.553922 0.010223 0.050893 0.588352 0.999018 0.081043 0.585355 0.971018 0.044376 0.643377 0.986099 0.082554 0.633814 0.274041 0.016396 0.638053 0.934411 0.043676 0.632635 0.235602 0.052405 0.689292 0.997971 0.074266 0.684340 0.989059 0.030400 0.752386 0.999026 0.047180 0.749210 0.992884 0.027318 0.833891 0.997317 0.081982 0.803457 0.989275 -1 0
0 0.612813 0.639972 0.056771 0.167860 0.603020 0.578533 0.993948 0.606765 0.574144 0.995592 0.601726 0.574143 0.880008 0.617170 0.575909 0.984762 0.600837 0.576448 0.087388 0.630981 0.603071 0.998132 0.595882 0.603429 0.997175 0.633263 0.640992 0.995382 0.590240 0.639061 0.989622 0.615016 0.665476 0.994451 0.603048 0.664828 0.988846 0.623523 0.674375 0.991108 0.599638 0.674350 0.989880 0.623706 0.726248 0.858194 0.600606 0.726092 0.843975 0.627656 0.778090 0.285013 0.602073 0.776564 0.288141 -1 0
0 0.687370 0.666242 0.054515 0.238558 0.680825 0.565528 0.990264 0.684500 0.560815 0.988904 0.677084 0.562618 0.968364 0.691605 0.566151 0.933328 0.673274 0.570460 0.678443 0.702960 0.598890 0.998572 0.670188 0.602863 0.997991 0.704413 0.638218 0.993840 0.664747 0.642060 0.984968 0.684962 0.666495 0.991078 0.673644 0.666447 0.980027 0.697263 0.677068 0.995660 0.675211 0.678491 0.995014 0.700709 0.739596 0.974336 0.680033 0.739905 0.969306 0.706891 0.797316 0.843602 0.685251 0.797651 0.826992 -1 0
0 0.395046 0.661340 0.060950 0.179677 0.390132 0.593839 0.069593 0.390828 0.589528 0.061698 0.391466 0.590209 0.011658 0.393441 0.591182 0.889412 0.408244 0.592863 0.294179 0.386140 0.617741 0.997617 0.415931 0.620925 0.996471 0.374060 0.654741 0.981224 0.419497 0.660679 0.972696 0.370226 0.667028 0.821218 0.412307 0.681232 0.792531 0.389636 0.693224 0.996181 0.410561 0.694400 0.995637 0.383808 0.750735 0.834818 0.408931 0.750115 0.827504 0.381330 0.803748 0.223309 0.408440 0.803017 0.226321 -1 0
0 0.518129 0.758852 0.083816 0.439814 0.508872 0.584883 0.948529 0.513570 0.578320 0.974858 0.510268 0.577423 0.113788 0.530144 0.580282 0.983484 0.528806 0.578390 0.002146 0.535217 0.619631 0.996618 0.535233 0.616155 0.906181 0.542246 0.683505 0.994036 0.528507 0.674299 0.235171 0.500829 0.688140 0.987746 0.493859 0.678569 0.342314 0.528244 0.740082 0.995616 0.532083 0.736371 0.977899 0.506539 0.845140 0.996767 0.532789 0.841855 0.977215 0.509017 0.950108 0.977958 0.543155 0.943155 0.915850 -1 0
0 0.961055 0.709831 0.077890 0.263409 0.957231 0.605952 0.987225 0.961082 0.599921 0.984747 0.952457 0.602706 0.953215 0.969301 0.602134 0.905811 0.948242 0.608701 0.468037 0.983692 0.628504 0.995676 0.950062 0.630973 0.996935 0.997996 0.660628 0.969302 0.929428 0.656342 0.989783 0.966311 0.647831 0.975278 0.946984 0.663538 0.990803 0.975783 0.700536 0.994951 0.955617 0.699256 0.995856 0.959175 0.761309 0.990672 0.943876 0.758969 0.992757 0.939925 0.820735 0.962833 0.942398 0.817066 0.970810 -1 0
0 0.483800 0.721772 0.074701 0.384226 0.478320 0.577635 0.990572 0.484535 0.571105 0.992723 0.474291 0.569678 0.926294 0.499225 0.565994 0.940303 0.470087 0.563741 0.101273 0.516058 0.593861 0.946655 0.466659 0.589525 0.995334 0.532602 0.649417 0.423555 0.451944 0.640928 0.975298 0.501574 0.644038 0.490079 0.458441 0.629326 0.956618 0.510357 0.706372 0.962918 0.477988 0.702998 0.990515 0.509941 0.799560 0.922450 0.478779 0.795221 0.984434 0.509673 0.882377 0.790242 0.473308 0.881732 0.938863 -1 0
0 0.315189 0.641174 0.068971 0.180473 0.303046 0.575108 0.105042 0.303231 0.570234 0.109322 0.305111 0.570732 0.027205 0.306033 0.570938 0.857115 0.323543 0.570605 0.332272 0.297284 0.598856 0.990330 0.337574 0.597511 0.978433 0.288111 0.642456 0.883977 0.346126 0.639528 0.662192 0.296892 0.655631 0.371806 0.338826 0.660649 0.167204 0.303705 0.684002 0.950322 0.331567 0.682786 0.933079 0.299494 0.737325 0.315077 0.328460 0.737388 0.254574 0.302167 0.775797 0.053923 0.327256 0.775304 0.044541 -1 0
0 0.020093 0.657032 0.040186 0.290481 0.027244 0.546499 0.933149 0.030188 0.541401 0.453132 0.024730 0.539061 0.949163 0.027788 0.539701 0.006076 0.012230 0.533227 0.729105 0.020345 0.564590 0.555955 0.000328 0.557327 0.442259 0.023946 0.594762 0.200708 0.000000 0.584068 0.188465 0.022339 0.592819 0.315436 0.016059 0.580768 0.349683 0.013654 0.643687 0.561122 0.000393 0.641822 0.467599 0.008625 0.706133 0.665781 0.004039 0.704897 0.563261 0.002270 0.771472 0.609680 0.000000 0.772574 0.504133 -1 0
0 0.334563 0.667616 0.063798 0.135510 0.316894 0.633702 0.981005 0.319382 0.627781 0.987110 0.314275 0.629539 0.631517 0.331336 0.623518 0.980068 0.315932 0.629429 0.041894 0.348009 0.639037 0.996987 0.319236 0.646044 0.991834 0.359446 0.675194 0.991071 0.316783 0.680772 0.913176 0.354444 0.708614 0.978472 0.307019 0.714908 0.850323 0.353538 0.697054 0.980800 0.333586 0.699774 0.971949 0.357964 0.746581 0.755372 0.333163 0.747019 0.661027 0.363721 0.791026 0.209206 0.334842 0.790359 0.171855 -1 0
0 0.213025 0.688505 0.050407 0.218607 0.219652 0.603654 0.030959 0.217811 0.598907 0.009893 0.219326 0.599358 0.036240 0.202581 0.599838 0.284461 0.220658 0.601692 0.762721 0.192678 0.622713 0.922894 0.224165 0.625957 0.977914 0.186377 0.653234 0.312244 0.232765 0.657964 0.844120 0.190913 0.663520 0.112025 0.223185 0.671351 0.433511 0.193253 0.689859 0.957501 0.214032 0.691066 0.978884 0.196989 0.748033 0.820121 0.213460 0.748830 0.916590 0.197282 0.796512 0.596171 0.209560 0.797952 0.740911 -1 0
