0 0.500028 0.631604 0.460176 0.567884 0.450270 0.443981 0.995833 0.471671 0.429912 0.995226 0.437994 0.427519 0.883226 0.523773 0.425989 0.982695 0.426888 0.427534 0.105355 0.575621 0.475925 0.997826 0.442615 0.513671 0.996344 0.628520 0.552782 0.993875 0.470270 0.631625 0.985301 0.530590 0.573140 0.992817 0.466394 0.609608 0.981097 0.617980 0.674255 0.998516 0.516140 0.681268 0.998339 0.450727 0.740369 0.995488 0.312883 0.754147 0.993676 0.649889 0.844288 0.966969 0.439225 0.833739 0.964243 -1 0
0 0.943818 0.485561 0.112363 0.358543 0.916585 0.364166 0.988787 0.924630 0.354060 0.994854 0.910169 0.356771 0.644451 0.962844 0.347461 0.972408 0.924576 0.355115 0.005250 0.997523 0.378409 0.170294 0.950281 0.387364 0.959997 1.000000 0.442309 0.007646 0.987413 0.454430 0.313531 1.000000 0.486759 0.017395 1.000000 0.489266 0.108449 1.000000 0.465398 0.006417 1.000000 0.467759 0.103779 1.000000 0.534480 0.004795 0.995085 0.533890 0.090014 1.000000 0.635796 0.004366 0.997590 0.633146 0.054812 -1 0
0 0.725040 0.401586 0.139911 0.452320 0.683273 0.213842 0.966444 0.692634 0.205844 0.986670 0.683056 0.205481 0.220347 0.722746 0.211665 0.989201 0.699251 0.210539 0.004875 0.743222 0.265112 0.999386 0.699053 0.263864 0.956758 0.765320 0.335776 0.997483 0.711733 0.331907 0.229686 0.772933 0.387234 0.989286 0.727974 0.380106 0.236381 0.737139 0.382272 0.999358 0.703236 0.381759 0.994864 0.753133 0.488539 0.999686 0.711770 0.488906 0.996965 0.766450 0.591581 0.998056 0.711104 0.589167 0.990155 -1 0
0 0.283771 0.319780 0.135917 0.171843 0.274916 0.271467 0.990092 0.283683 0.265588 0.991635 0.267158 0.265481 0.980420 0.296301 0.266147 0.878110 0.256436 0.266077 0.695457 0.315307 0.294762 0.996422 0.240114 0.294741 0.983963 0.342450 0.344490 0.993297 0.226387 0.346716 0.701685 0.320012 0.320791 0.987030 0.241141 0.382979 0.577850 0.314710 0.389492 0.957858 0.263490 0.390194 0.921927 0.329929 0.451576 0.275569 0.262076 0.452198 0.126189 0.330687 0.480262 0.019992 0.264014 0.481729 0.009496 -1 0
0 0.409987 0.308938 0.132949 0.170281 0.422813 0.261727 0.986586 0.432262 0.255026 0.989384 0.414296 0.255433 0.981244 0.448281 0.256962 0.913846 0.403565 0.257839 0.698397 0.469121 0.298505 0.960343 0.383917 0.301836 0.994935 0.485518 0.340570 0.342824 0.359950 0.350224 0.976401 0.476316 0.352018 0.251726 0.379960 0.360395 0.930743 0.455487 0.396758 0.660150 0.398426 0.398666 0.845745 0.451302 0.453397 0.029871 0.392594 0.455852 0.103582 0.447751 0.466849 0.004767 0.391873 0.470368 0.013809 -1 0
0 0.186614 0.353275 0.138986 0.100926 0.191378 0.334328 0.975760 0.201680 0.328723 0.985823 0.185028 0.328430 0.956965 0.219138 0.335092 0.907802 0.175043 0.333528 0.512051 0.241173 0.376688 0.894997 0.146999 0.372254 0.954414 0.250221 0.425461 0.184269 0.130969 0.421371 0.267374 0.219824 0.419753 0.092312 0.158387 0.426475 0.091189 0.220421 0.450927 0.067762 0.157985 0.448237 0.116223 0.214520 0.429340 0.012425 0.146676 0.420415 0.020857 0.211962 0.463450 0.015486 0.160143 0.466011 0.024500 -1 0
0 0.097769 0.299809 0.130202 0.196197 0.070024 0.250570 0.977128 0.072764 0.242054 0.986840 0.065420 0.244071 0.349503 0.098221 0.232045 0.975694 0.075361 0.239482 0.005025 0.139274 0.263801 0.991174 0.092065 0.265556 0.963698 0.138641 0.327092 0.985092 0.083109 0.316583 0.684170 0.075686 0.310649 0.975502 0.072548 0.277495 0.694642 0.117592 0.373075 0.870891 0.083815 0.369147 0.806141 0.088088 0.426828 0.140536 0.059643 0.424810 0.077140 0.092195 0.458074 0.008487 0.068194 0.457879 0.005684 -1 0
0 0.198547 0.286352 0.108523 0.149975 0.203016 0.244366 0.975621 0.212847 0.238947 0.984984 0.196278 0.238368 0.957788 0.227499 0.244423 0.895243 0.187302 0.242847 0.492422 0.244261 0.279394 0.920898 0.171572 0.279410 0.945693 0.256790 0.321788 0.321723 0.152266 0.326795 0.437798 0.260324 0.320556 0.156461 0.156092 0.326333 0.193496 0.218104 0.365959 0.412699 0.169680 0.365005 0.494603 0.211060 0.388410 0.042815 0.160083 0.389635 0.056777 0.209788 0.413716 0.016800 0.170634 0.417237 0.021024 -1 0
0 0.489463 0.315526 0.114040 0.100736 0.488872 0.299041 0.983431 0.497953 0.292747 0.988551 0.482433 0.292967 0.956677 0.514725 0.294197 0.937406 0.473716 0.294174 0.473403 0.534466 0.328798 0.960139 0.453815 0.324582 0.984489 0.539087 0.371594 0.441219 0.435803 0.364495 0.739924 0.499777 0.342037 0.372711 0.480320 0.341816 0.584764 0.514995 0.399518 0.174732 0.459934 0.397195 0.263739 0.503713 0.414837 0.016095 0.448893 0.410736 0.028243 0.498827 0.427481 0.007904 0.454727 0.427942 0.013162 -1 0
0 0.030715 0.372719 0.061431 0.066036 0.000000 0.369997 0.059338 0.000762 0.365662 0.130292 0.000000 0.365845 0.005271 0.015896 0.369207 0.781015 0.005017 0.369223 0.007722 0.039490 0.390123 0.859856 0.002255 0.391719 0.132946 0.050374 0.425016 0.224837 0.003278 0.427885 0.009427 0.018221 0.416197 0.023167 0.011508 0.414350 0.003674 0.027626 0.450287 0.099504 0.000480 0.449988 0.014462 0.032505 0.414596 0.019564 0.002611 0.416130 0.002828 0.029073 0.446251 0.027209 0.008429 0.446669 0.006831 -1 0
