0 0.504899 0.436498 0.244450 0.342819 0.481291 0.325788 0.320044 0.478862 0.316346 0.029785 0.481184 0.319848 0.371030 0.440405 0.315704 0.041987 0.469939 0.329675 0.836882 0.422351 0.355050 0.936949 0.445646 0.400631 0.988720 0.452800 0.423687 0.779759 0.475861 0.481556 0.992568 0.493920 0.419785 0.825215 0.505569 0.433045 0.989104 0.427079 0.484530 0.966321 0.444549 0.519479 0.984439 0.513673 0.410064 0.969350 0.528157 0.476255 0.991961 0.567154 0.505432 0.959674 0.579986 0.546929 0.982396 -1 0
0 0.874410 0.848160 0.225702 0.293352 0.939239 0.793979 0.051081 0.936912 0.776207 0.011833 0.937693 0.792282 0.057817 0.886041 0.743751 0.204409 0.928646 0.798356 0.624598 0.846056 0.749265 0.917933 0.880655 0.869052 0.973962 0.884903 0.814561 0.733445 0.902226 0.971014 0.987020 0.932675 0.843259 0.770311 0.930663 0.891249 0.979777 0.801804 0.908967 0.833739 0.829555 0.981852 0.878684 0.935981 0.898412 0.328942 0.953832 0.985489 0.599567 0.932607 0.909890 0.127371 0.944374 0.966889 0.223856 -1 0
0 0.754716 0.417196 0.195778 0.369746 0.747375 0.305531 0.210042 0.747416 0.292306 0.025241 0.746059 0.298083 0.207272 0.715379 0.277017 0.045818 0.733337 0.296102 0.642936 0.692991 0.294796 0.940453 0.708285 0.361764 0.981405 0.717281 0.324480 0.856944 0.716478 0.466997 0.995579 0.743403 0.334313 0.871403 0.753204 0.414161 0.994098 0.714324 0.453187 0.968600 0.727673 0.495472 0.979459 0.806842 0.421975 0.892400 0.828234 0.461711 0.961616 0.813265 0.530036 0.650584 0.817691 0.567587 0.800828 -1 0
0 0.210240 0.649565 0.327943 0.381663 0.138973 0.535446 0.922490 0.131788 0.516602 0.327093 0.129856 0.531182 0.945533 0.093354 0.509343 0.054148 0.100209 0.549461 0.964282 0.083088 0.552976 0.967892 0.098287 0.644458 0.989746 0.124440 0.591048 0.919174 0.129533 0.745248 0.987717 0.181514 0.600273 0.922539 0.187714 0.658297 0.989392 0.147208 0.655824 0.989443 0.162490 0.715266 0.993240 0.247959 0.597442 0.969356 0.284067 0.669280 0.981157 0.270494 0.729850 0.904146 0.303246 0.794446 0.919283 -1 0
0 0.193584 0.479619 0.264903 0.414144 0.158556 0.347750 0.967253 0.152884 0.334401 0.217173 0.148585 0.344331 0.975237 0.125305 0.330980 0.006024 0.120439 0.358798 0.985086 0.116263 0.370077 0.992502 0.112021 0.452795 0.996468 0.161169 0.411585 0.937291 0.168900 0.538896 0.994377 0.217199 0.441117 0.960192 0.229576 0.493640 0.996352 0.181411 0.476772 0.990614 0.178428 0.538207 0.992549 0.273803 0.434007 0.992316 0.293631 0.534839 0.996850 0.280265 0.588494 0.969702 0.283321 0.664505 0.980368 -1 0
0 0.237968 0.103391 0.178317 0.206782 0.190204 0.000000 0.000460 0.189275 0.000000 0.000156 0.183770 0.000000 0.000241 0.184824 0.000000 0.004184 0.167098 0.000000 0.010692 0.189379 0.000000 0.048612 0.158219 0.000830 0.123214 0.204578 0.000000 0.111840 0.160732 0.027577 0.191199 0.200592 0.004862 0.107700 0.181093 0.000000 0.147434 0.201693 0.011019 0.782745 0.177414 0.039989 0.872503 0.283273 0.000000 0.953565 0.276955 0.067856 0.983874 0.287623 0.087997 0.970535 0.287077 0.172289 0.984250 -1 0
0 0.211870 0.126098 0.227144 0.250647 0.165337 0.004288 0.089405 0.162620 0.000000 0.005652 0.161033 0.000000 0.076068 0.131430 0.000000 0.018531 0.147322 0.007540 0.602227 0.125124 0.036454 0.930721 0.137704 0.067996 0.985176 0.162567 0.086402 0.723710 0.173105 0.130958 0.993467 0.179730 0.085980 0.681396 0.184456 0.081911 0.988000 0.166275 0.136987 0.992329 0.176068 0.163627 0.995835 0.237395 0.092205 0.991479 0.254355 0.131705 0.997292 0.262014 0.184678 0.980374 0.270240 0.218224 0.990892 -1 0
0 0.056458 0.103873 0.112916 0.207123 0.024179 0.000000 0.000350 0.023273 0.000000 0.000148 0.020364 0.000000 0.000157 0.017634 0.000000 0.001463 0.009025 0.000000 0.001816 0.012885 0.000000 0.006546 0.000000 0.002602 0.003947 0.015555 0.000000 0.056011 0.001745 0.033898 0.035372 0.005405 0.007071 0.119775 0.001102 0.012689 0.106645 0.016866 0.019964 0.329661 0.004215 0.039746 0.277082 0.085665 0.005833 0.841181 0.082926 0.048483 0.856280 0.089978 0.110335 0.914334 0.096609 0.168319 0.912826 -1 0
0 0.488795 0.266739 0.179694 0.307624 0.523791 0.188355 0.327163 0.523577 0.176478 0.024110 0.520523 0.185542 0.320046 0.482353 0.163328 0.018799 0.502031 0.191186 0.773689 0.462474 0.173369 0.957071 0.464797 0.248231 0.962444 0.495753 0.222424 0.969889 0.498848 0.315525 0.966809 0.538167 0.236201 0.988025 0.546088 0.272732 0.981923 0.430553 0.267927 0.937935 0.434599 0.319823 0.935908 0.519349 0.231603 0.962176 0.521456 0.337764 0.970515 0.530643 0.340620 0.931961 0.532233 0.405001 0.925410 -1 0
0 0.172739 0.922308 0.288474 0.147412 0.128221 0.921698 0.662110 0.119102 0.911756 0.076664 0.114715 0.923895 0.658835 0.090925 0.911329 0.008333 0.083710 0.944795 0.817112 0.097852 0.923098 0.901784 0.086000 0.976497 0.650378 0.142373 0.932189 0.939683 0.137022 1.000000 0.389762 0.211167 0.962795 0.944252 0.206290 0.980780 0.535833 0.167667 0.951753 0.812289 0.160215 0.991002 0.642479 0.265428 0.895065 0.660469 0.281175 0.919626 0.484322 0.275925 0.976724 0.350569 0.275028 0.975108 0.227121 -1 0
0 0.472025 0.125231 0.184644 0.230441 0.541354 0.091458 0.795657 0.542945 0.078857 0.076882 0.540165 0.089113 0.843639 0.510259 0.050648 0.009833 0.516032 0.081668 0.950052 0.474261 0.040185 0.958461 0.472246 0.115413 0.956195 0.499106 0.131764 0.748652 0.484509 0.203135 0.716183 0.532374 0.186840 0.594151 0.541425 0.196247 0.478805 0.410498 0.163849 0.778840 0.410731 0.211526 0.726076 0.497459 0.166366 0.298297 0.481507 0.247891 0.279410 0.458050 0.227538 0.099784 0.461127 0.266902 0.070045 -1 0
