0 0.284472 0.671916 0.087487 0.320547 0.288121 0.530985 0.552394 0.287111 0.526627 0.030960 0.285805 0.526366 0.528567 0.272967 0.535768 0.012123 0.279791 0.535493 0.880274 0.274361 0.572178 0.987410 0.273360 0.571697 0.996004 0.275163 0.629294 0.927796 0.282421 0.620714 0.996546 0.286233 0.660961 0.926431 0.313330 0.621043 0.995412 0.268128 0.661658 0.998353 0.264227 0.661218 0.998948 0.282994 0.732176 0.998496 0.283679 0.729326 0.999244 0.264452 0.806185 0.993042 0.254737 0.791813 0.995643 -1 0
0 0.734556 0.467443 0.108323 0.346493 0.709337 0.324654 0.028292 0.708088 0.320251 0.013437 0.709953 0.319192 0.025415 0.695616 0.325385 0.654344 0.716352 0.322217 0.753691 0.690047 0.353759 0.991999 0.728532 0.356859 0.998584 0.698740 0.373584 0.676965 0.749991 0.398230 0.997720 0.724262 0.351989 0.219203 0.774648 0.374157 0.973269 0.702505 0.451380 0.997025 0.728442 0.452342 0.998668 0.706243 0.534262 0.947753 0.730798 0.536764 0.985441 0.710730 0.605525 0.701396 0.729747 0.611870 0.868642 -1 0
0 0.631226 0.682616 0.079053 0.365370 0.639850 0.535339 0.047066 0.638162 0.529879 0.032040 0.639332 0.530510 0.032948 0.623140 0.532719 0.790160 0.645376 0.534625 0.824820 0.609991 0.573596 0.998823 0.650276 0.572666 0.999188 0.597623 0.631780 0.990040 0.659229 0.633519 0.996447 0.604453 0.664941 0.934889 0.661503 0.691804 0.972449 0.611804 0.680711 0.999574 0.639793 0.681107 0.999627 0.610062 0.761282 0.997376 0.639340 0.761849 0.997743 0.608990 0.839431 0.982985 0.637453 0.844379 0.985017 -1 0
0 0.157818 0.664162 0.072049 0.310432 0.165608 0.529743 0.975126 0.164723 0.524713 0.630302 0.159591 0.526744 0.981859 0.163173 0.533743 0.041593 0.151120 0.539050 0.967199 0.167136 0.573654 0.986345 0.149787 0.577164 0.997027 0.167710 0.615976 0.859862 0.143761 0.623016 0.992943 0.181030 0.634211 0.891025 0.158464 0.655462 0.991047 0.168783 0.657439 0.994310 0.156837 0.660413 0.997294 0.170258 0.729414 0.995220 0.159319 0.727913 0.998165 0.134682 0.775485 0.987149 0.148946 0.798585 0.993259 -1 0
0 0.362182 0.675719 0.104854 0.316412 0.355169 0.528009 0.890116 0.353377 0.525371 0.134947 0.350970 0.525953 0.883189 0.344406 0.536772 0.007188 0.344502 0.538797 0.925731 0.349761 0.567522 0.989370 0.343935 0.567976 0.994011 0.371984 0.593919 0.982799 0.341320 0.598531 0.995833 0.396705 0.588638 0.992074 0.370837 0.614874 0.997350 0.339006 0.659000 0.998070 0.337687 0.659021 0.998490 0.337398 0.735183 0.997182 0.348402 0.734443 0.998018 0.317837 0.804351 0.979651 0.335089 0.811582 0.982609 -1 0
0 0.105865 0.676310 0.054903 0.311789 0.122393 0.538695 0.962800 0.121613 0.534177 0.383392 0.117703 0.534900 0.973848 0.115291 0.544124 0.012994 0.106783 0.545690 0.966684 0.116665 0.582189 0.972528 0.103552 0.580021 0.995930 0.117762 0.633279 0.737672 0.099216 0.627451 0.990785 0.125405 0.669780 0.803794 0.111426 0.667620 0.987198 0.106630 0.669273 0.988770 0.097888 0.668096 0.995229 0.099947 0.740429 0.989397 0.096549 0.737765 0.996111 0.089508 0.803105 0.964783 0.089273 0.808680 0.981952 -1 0
0 0.780242 0.650313 0.102220 0.371462 0.781238 0.527043 0.835941 0.786243 0.523959 0.852187 0.782480 0.522925 0.201310 0.794345 0.535072 0.911647 0.788788 0.533086 0.027246 0.792721 0.563920 0.992020 0.779340 0.560926 0.976424 0.762705 0.545701 0.985308 0.744609 0.547701 0.905220 0.744313 0.509416 0.977755 0.736842 0.522147 0.908428 0.788134 0.657939 0.997282 0.776852 0.657321 0.995625 0.794083 0.729647 0.996913 0.784837 0.730804 0.994787 0.815364 0.802561 0.985416 0.801523 0.801564 0.979817 -1 0
0 0.557479 0.656714 0.084257 0.357074 0.553676 0.542081 0.805607 0.557948 0.538413 0.821779 0.556775 0.538176 0.047396 0.567089 0.548510 0.941921 0.571816 0.546950 0.003785 0.562082 0.575466 0.991153 0.576012 0.570579 0.981586 0.538303 0.545456 0.987504 0.548835 0.527676 0.923654 0.530012 0.498748 0.985460 0.535718 0.492958 0.935817 0.567244 0.659694 0.997619 0.577391 0.659278 0.996900 0.565928 0.738631 0.996659 0.581045 0.738555 0.995318 0.577399 0.810696 0.975296 0.590114 0.810012 0.971977 -1 0
0 0.461726 0.439948 0.080959 0.330381 0.476159 0.299681 0.970735 0.473724 0.295771 0.453301 0.471032 0.296028 0.977887 0.463141 0.302423 0.027375 0.459587 0.305252 0.984795 0.449033 0.323274 0.995466 0.471515 0.330795 0.992774 0.427695 0.320224 0.927241 0.493917 0.335829 0.844605 0.448074 0.300098 0.786608 0.507297 0.316303 0.629338 0.451735 0.416045 0.994126 0.454126 0.421489 0.991848 0.499391 0.472662 0.989289 0.456902 0.495392 0.985067 0.499503 0.545231 0.967314 0.444572 0.571649 0.949568 -1 0
0 0.415677 0.624589 0.068444 0.412458 0.408640 0.512576 0.890837 0.406566 0.509736 0.235417 0.403026 0.513078 0.876803 0.403759 0.521542 0.022465 0.398031 0.530389 0.895932 0.418763 0.540871 0.981909 0.408612 0.549802 0.995237 0.432943 0.493174 0.889983 0.425970 0.498169 0.993335 0.440566 0.450634 0.904507 0.433888 0.455305 0.991423 0.431131 0.641257 0.997714 0.419813 0.645265 0.998842 0.436977 0.716903 0.996714 0.414070 0.721662 0.998637 0.433328 0.790842 0.987046 0.403358 0.795648 0.992967 -1 0
0 0.696219 0.632741 0.084428 0.408148 0.695571 0.517988 0.771286 0.693736 0.514802 0.100904 0.691257 0.515246 0.785093 0.686838 0.525816 0.015177 0.683349 0.527701 0.912498 0.694548 0.546434 0.977310 0.692663 0.551390 0.995139 0.708177 0.498639 0.871472 0.722552 0.500369 0.995102 0.710790 0.449202 0.877287 0.722282 0.448649 0.992294 0.705129 0.647812 0.997396 0.696909 0.649108 0.998669 0.719354 0.734349 0.994556 0.693787 0.733171 0.997681 0.705941 0.814462 0.974938 0.666351 0.803720 0.986520 -1 0
0 0.984268 0.687358 0.031464 0.337109 1.000000 0.558186 0.027602 1.000000 0.551671 0.017327 1.000000 0.553125 0.011908 0.997976 0.556492 0.021483 1.000000 0.558849 0.013307 0.999620 0.590313 0.080237 0.999509 0.592414 0.029399 0.995693 0.635720 0.367133 0.995951 0.635275 0.099024 0.980341 0.669584 0.635598 0.981478 0.668701 0.329045 0.999796 0.680228 0.081725 0.999576 0.681549 0.047464 1.000000 0.754881 0.106921 1.000000 0.755695 0.055988 0.997413 0.830271 0.065062 0.997419 0.828825 0.039331 -1 0
0 0.527130 0.459937 0.090132 0.379933 0.511549 0.301124 0.861539 0.509456 0.298107 0.213778 0.507331 0.298165 0.849999 0.499579 0.309305 0.032705 0.501424 0.310412 0.907524 0.510641 0.336346 0.986449 0.510488 0.333337 0.993110 0.547492 0.339032 0.922163 0.546597 0.319439 0.990134 0.555637 0.308139 0.922121 0.558458 0.286395 0.988580 0.517884 0.438685 0.994091 0.516896 0.437821 0.995683 0.523005 0.523725 0.979303 0.523522 0.523784 0.987813 0.521651 0.612099 0.866378 0.521501 0.615607 0.901609 -1 0
0 0.478981 0.647841 0.078027 0.371058 0.496410 0.520550 0.323803 0.499829 0.517006 0.115131 0.492260 0.516613 0.283761 0.502807 0.529869 0.071146 0.484456 0.528622 0.354361 0.500673 0.559952 0.850841 0.480098 0.558909 0.954235 0.507207 0.510931 0.602921 0.483925 0.515617 0.936382 0.515449 0.464370 0.649734 0.486478 0.476641 0.910159 0.491682 0.663793 0.993491 0.475869 0.662974 0.996606 0.479933 0.736493 0.996533 0.464169 0.737448 0.998284 0.476007 0.809543 0.993176 0.449141 0.810984 0.995933 -1 0
0 0.527699 0.656132 0.059015 0.344862 0.509118 0.523414 0.080891 0.512761 0.520353 0.055787 0.507960 0.519739 0.020944 0.518588 0.529745 0.152400 0.509106 0.527603 0.030101 0.519921 0.554046 0.738132 0.510766 0.553197 0.700526 0.522257 0.529971 0.665241 0.514317 0.526995 0.564881 0.522364 0.498061 0.663514 0.520108 0.498602 0.576812 0.524976 0.647363 0.984175 0.520132 0.647933 0.982912 0.517303 0.725977 0.993440 0.528798 0.727194 0.992689 0.528742 0.799449 0.986233 0.546518 0.798422 0.985414 -1 0
