0 0.422405 0.456303 0.204740 0.295660 0.372914 0.341596 0.964310 0.375404 0.334047 0.971034 0.368359 0.336142 0.368078 0.384533 0.330093 0.976254 0.372171 0.335350 0.018976 0.401556 0.347566 0.997914 0.388690 0.361716 0.997157 0.443424 0.351698 0.993798 0.367354 0.388908 0.992444 0.463614 0.389449 0.994367 0.339066 0.378334 0.995102 0.443128 0.422969 0.999424 0.443809 0.431590 0.999394 0.403767 0.494995 0.999371 0.452937 0.508102 0.999354 0.461249 0.542517 0.995240 0.507754 0.570141 0.995430 -1 0
0 0.897867 0.592876 0.109147 0.358674 0.868910 0.443513 0.181406 0.869369 0.438881 0.197055 0.870463 0.438172 0.011056 0.874247 0.443305 0.964407 0.890541 0.439890 0.087286 0.878368 0.473141 0.999441 0.908803 0.462857 0.999121 0.883575 0.523491 0.998762 0.940836 0.503233 0.997769 0.859617 0.554412 0.994048 0.935651 0.541609 0.991110 0.908127 0.560769 0.999735 0.920119 0.551984 0.999701 0.897404 0.642717 0.998782 0.876821 0.617122 0.998602 0.923689 0.728502 0.987177 0.920678 0.681645 0.988376 -1 0
0 0.111828 0.809691 0.122564 0.359426 0.074745 0.664454 0.012764 0.071218 0.661127 0.009676 0.074597 0.658589 0.008046 0.065080 0.665975 0.835406 0.089374 0.653714 0.818382 0.063106 0.697357 0.998791 0.114657 0.666658 0.999445 0.069156 0.756382 0.972403 0.147856 0.706639 0.997548 0.079588 0.742245 0.739305 0.162726 0.755507 0.968982 0.108297 0.777377 0.999624 0.140277 0.763294 0.999718 0.112951 0.881405 0.997774 0.139664 0.848931 0.998574 0.138203 0.959764 0.983200 0.156851 0.914166 0.990067 -1 0
0 0.540326 0.749846 0.206824 0.385208 0.566020 0.590737 0.054611 0.565933 0.584305 0.038426 0.566882 0.583671 0.013650 0.565447 0.592824 0.696313 0.593239 0.589179 0.456716 0.565413 0.634656 0.997211 0.601748 0.627964 0.987294 0.558785 0.701119 0.994534 0.579152 0.655173 0.689861 0.533456 0.665265 0.974061 0.549949 0.632782 0.438077 0.563491 0.735514 0.999263 0.602483 0.738805 0.998566 0.497473 0.761063 0.998939 0.611290 0.819044 0.996639 0.467207 0.837356 0.995122 0.626537 0.904680 0.984910 -1 0
0 0.756152 0.387040 0.139444 0.311519 0.692899 0.267049 0.335387 0.693124 0.262675 0.382266 0.693793 0.261009 0.024875 0.701466 0.264871 0.918165 0.717674 0.259558 0.044172 0.708030 0.292468 0.997132 0.732629 0.277698 0.985312 0.718014 0.334606 0.990194 0.756392 0.322886 0.856592 0.703452 0.369670 0.955076 0.747882 0.347651 0.709112 0.743970 0.363512 0.999209 0.751691 0.357752 0.998426 0.747231 0.445162 0.999201 0.720002 0.429231 0.998444 0.805280 0.472121 0.997436 0.724021 0.516131 0.995984 -1 0
0 0.710199 0.746892 0.188270 0.282690 0.644612 0.643511 0.882373 0.646817 0.637315 0.913500 0.644404 0.638527 0.167387 0.657576 0.634963 0.962170 0.658126 0.637841 0.018260 0.672899 0.663753 0.996873 0.678638 0.653141 0.986357 0.665844 0.712237 0.994025 0.692799 0.694273 0.923074 0.637253 0.708940 0.981513 0.668824 0.703573 0.888182 0.714368 0.738945 0.998582 0.705468 0.730461 0.997388 0.741985 0.804034 0.998100 0.656697 0.764684 0.996251 0.788318 0.857369 0.992369 0.669050 0.828449 0.989947 -1 0
0 0.606813 0.566235 0.150255 0.294880 0.611270 0.456967 0.992896 0.616887 0.451081 0.995096 0.607769 0.450942 0.941628 0.627604 0.455008 0.976201 0.603943 0.454148 0.259521 0.641318 0.495701 0.998496 0.598685 0.479478 0.998106 0.672681 0.538800 0.992978 0.564766 0.480389 0.984217 0.650946 0.568949 0.985914 0.545632 0.449529 0.978897 0.638588 0.594028 0.997479 0.607335 0.582886 0.997173 0.637081 0.672043 0.972959 0.575755 0.638419 0.965856 0.662000 0.722436 0.771518 0.578235 0.689108 0.770737 -1 0
0 0.095052 0.241730 0.106486 0.340694 0.081451 0.097564 0.989444 0.085993 0.091807 0.989167 0.077147 0.092713 0.957992 0.093752 0.095263 0.928525 0.072092 0.097519 0.516242 0.105822 0.129650 0.998025 0.065789 0.129027 0.997855 0.121864 0.178357 0.993004 0.048537 0.167393 0.988515 0.092654 0.171566 0.993248 0.068053 0.167184 0.988901 0.104291 0.220080 0.998492 0.078906 0.221410 0.998410 0.115791 0.296902 0.997962 0.092566 0.298872 0.997881 0.134293 0.369733 0.988431 0.107134 0.369076 0.988483 -1 0
0 0.478325 0.720781 0.187449 0.301307 0.440086 0.595696 0.977049 0.444443 0.589767 0.961786 0.434720 0.590816 0.945270 0.450244 0.592722 0.768806 0.428482 0.595979 0.706835 0.464666 0.613923 0.997256 0.430250 0.627487 0.996884 0.508934 0.622785 0.985725 0.394430 0.644949 0.974635 0.528319 0.661743 0.981424 0.399974 0.631042 0.973707 0.497851 0.692933 0.998048 0.481929 0.701065 0.997929 0.464171 0.755272 0.997897 0.479279 0.767159 0.997389 0.501746 0.818844 0.990660 0.527483 0.816009 0.989150 -1 0
0 0.151849 0.143428 0.095387 0.278367 0.121939 0.033372 0.984714 0.126377 0.027468 0.989851 0.117953 0.028034 0.939238 0.133940 0.028614 0.931913 0.113265 0.030542 0.413183 0.146482 0.057082 0.998060 0.113043 0.061579 0.975603 0.164932 0.091897 0.994662 0.113939 0.097467 0.558084 0.155541 0.121609 0.990321 0.113579 0.124983 0.611740 0.149384 0.128438 0.995899 0.126347 0.130164 0.985664 0.162681 0.191906 0.995702 0.130609 0.191088 0.980344 0.182381 0.253835 0.987599 0.138294 0.244632 0.961717 -1 0
