0 0.748006 0.593778 0.264106 0.536156 0.696135 0.427459 0.988718 0.709442 0.413210 0.994359 0.700353 0.411513 0.238569 0.753433 0.424398 0.995357 0.728648 0.415696 0.001604 0.797246 0.520835 0.997952 0.741346 0.482273 0.996126 0.755683 0.681166 0.997905 0.711306 0.576609 0.989924 0.660835 0.635359 0.996719 0.655780 0.609229 0.988985 0.818893 0.742873 0.977598 0.778194 0.710771 0.975967 0.683217 0.774379 0.562008 0.653268 0.735236 0.408373 0.726355 0.883231 0.028367 0.704756 0.857259 0.022389 -1 0
0 0.240964 0.707021 0.303225 0.567346 0.298733 0.560354 0.329513 0.287921 0.536408 0.026909 0.295382 0.548279 0.397131 0.204275 0.537850 0.047589 0.265230 0.574226 0.897711 0.159568 0.622023 0.836972 0.196762 0.709713 0.962484 0.275711 0.786411 0.457555 0.358737 0.873008 0.901455 0.298976 0.703997 0.408205 0.286800 0.677999 0.878316 0.181984 0.926163 0.268535 0.192394 0.987648 0.394930 0.379662 0.879992 0.029648 0.382859 0.957440 0.057381 0.322778 0.893905 0.004941 0.348022 0.910945 0.006942 -1 0
0 0.414556 0.472730 0.232960 0.355820 0.365531 0.395921 0.991932 0.376691 0.379314 0.992131 0.356674 0.380048 0.980045 0.395199 0.369835 0.943026 0.344180 0.371853 0.719803 0.393410 0.421626 0.997026 0.333619 0.446910 0.997179 0.436468 0.515669 0.989059 0.407583 0.574038 0.995791 0.408502 0.562148 0.986368 0.481090 0.557579 0.994934 0.375971 0.624873 0.945698 0.332807 0.643401 0.948151 0.451737 0.676236 0.114250 0.420190 0.706629 0.187984 0.420930 0.739251 0.005690 0.404835 0.761752 0.008934 -1 0
0 0.522950 0.362487 0.093259 0.168308 0.517044 0.319194 0.989250 0.523823 0.311296 0.992467 0.511880 0.310313 0.966455 0.535000 0.316553 0.965441 0.505436 0.314706 0.605986 0.552617 0.351643 0.996012 0.493528 0.349452 0.994859 0.552917 0.420720 0.978325 0.488975 0.416672 0.958926 0.511840 0.415443 0.968311 0.532328 0.413975 0.940176 0.543481 0.456908 0.717649 0.502824 0.454783 0.691586 0.540544 0.478838 0.073810 0.492800 0.474443 0.063090 0.533956 0.512038 0.012272 0.498156 0.514378 0.011459 -1 0
0 0.291875 0.523240 0.160544 0.359665 0.296287 0.423052 0.809715 0.292445 0.410629 0.053581 0.288491 0.410978 0.845019 0.255245 0.424046 0.002436 0.264545 0.429832 0.892556 0.259660 0.514709 0.782682 0.260471 0.536766 0.943713 0.300191 0.654888 0.364158 0.307635 0.676566 0.951546 0.329769 0.584527 0.551658 0.335439 0.563479 0.965490 0.296491 0.720549 0.200711 0.294483 0.739079 0.293724 0.360444 0.756540 0.012336 0.363712 0.774726 0.029252 0.328109 0.807497 0.001379 0.332343 0.801811 0.002638 -1 0
0 0.683775 0.461689 0.082028 0.249153 0.668176 0.399355 0.987750 0.678989 0.387214 0.990405 0.661818 0.386688 0.934870 0.696532 0.392414 0.928446 0.655828 0.390633 0.217017 0.707817 0.456468 0.989617 0.665148 0.442140 0.978767 0.701744 0.559776 0.956534 0.659220 0.532362 0.773686 0.689960 0.489780 0.934020 0.644994 0.571499 0.651630 0.695183 0.592139 0.776638 0.666403 0.577038 0.739895 0.639329 0.632662 0.126549 0.614994 0.614199 0.075923 0.656283 0.675726 0.014358 0.644266 0.667705 0.009683 -1 0
0 0.453023 0.420393 0.121420 0.221542 0.448639 0.360379 0.980342 0.445942 0.349878 0.394995 0.439384 0.353454 0.985238 0.435545 0.356749 0.003371 0.414885 0.365690 0.957659 0.425419 0.407294 0.931709 0.401229 0.421686 0.969177 0.453930 0.475804 0.782226 0.446632 0.505960 0.977978 0.479070 0.437477 0.889432 0.468395 0.438373 0.988939 0.439933 0.553311 0.424975 0.421270 0.570965 0.506815 0.512731 0.571417 0.037857 0.503466 0.590128 0.084402 0.492072 0.623944 0.004015 0.485466 0.648185 0.006979 -1 0
0 0.632164 0.447528 0.053436 0.181209 0.623006 0.406251 0.978897 0.630449 0.395423 0.982296 0.616731 0.397294 0.928869 0.643335 0.398979 0.908601 0.610276 0.403139 0.324890 0.655229 0.453895 0.947522 0.620359 0.444181 0.978624 0.656695 0.528708 0.431397 0.621297 0.500142 0.743396 0.644724 0.539843 0.286989 0.624929 0.534350 0.504943 0.652641 0.556871 0.395361 0.629156 0.546204 0.547311 0.608416 0.589174 0.057225 0.592058 0.567697 0.093258 0.628044 0.619705 0.020186 0.612148 0.611932 0.032552 -1 0
0 0.100763 0.470342 0.136555 0.328379 0.086200 0.350318 0.967257 0.089413 0.340182 0.984199 0.086570 0.341445 0.151827 0.107142 0.337049 0.988801 0.108564 0.338479 0.002733 0.111962 0.380671 0.995282 0.130790 0.374848 0.940161 0.084317 0.455065 0.988809 0.089915 0.441740 0.317607 0.046353 0.456554 0.973194 0.054247 0.446343 0.360361 0.132058 0.510566 0.966881 0.145438 0.502806 0.897463 0.062435 0.523714 0.945025 0.076589 0.511446 0.741955 0.079253 0.622972 0.758963 0.084824 0.612619 0.487664 -1 0
0 0.184776 0.378211 0.054233 0.121099 0.166578 0.350248 0.930997 0.170154 0.343456 0.976556 0.166456 0.344609 0.546896 0.185627 0.344438 0.967290 0.170735 0.347958 0.030598 0.203629 0.375930 0.972518 0.171447 0.376014 0.886342 0.205499 0.423356 0.929621 0.164850 0.421316 0.382531 0.186690 0.382560 0.837996 0.168845 0.399528 0.332532 0.195961 0.458918 0.684730 0.173862 0.455193 0.511427 0.183095 0.485065 0.100968 0.160341 0.479621 0.040972 0.182843 0.523190 0.020147 0.165134 0.515682 0.009994 -1 0
0 0.032601 0.391693 0.065202 0.105737 0.027516 0.368075 0.927725 0.027632 0.362235 0.540796 0.022781 0.363613 0.933707 0.023932 0.365822 0.021921 0.010327 0.369018 0.785566 0.024836 0.392452 0.870961 0.001094 0.396821 0.666181 0.054447 0.421941 0.867581 0.014143 0.431416 0.489861 0.038879 0.431512 0.904675 0.026723 0.430299 0.683121 0.023849 0.468070 0.363741 0.006549 0.473114 0.211337 0.057327 0.473665 0.077315 0.039272 0.477601 0.037603 0.049335 0.503491 0.025177 0.034651 0.505332 0.013312 -1 0
