0 0.224556 0.600550 0.249690 0.669929 0.184229 0.344833 0.991671 0.187887 0.327689 0.863820 0.169839 0.331387 0.993303 0.187882 0.333620 0.152433 0.142078 0.342985 0.979941 0.188194 0.417886 0.983132 0.125107 0.447315 0.993173 0.219440 0.528077 0.915683 0.154924 0.597655 0.987828 0.257664 0.581949 0.905100 0.236669 0.619053 0.988495 0.230046 0.606187 0.991645 0.190564 0.639251 0.994852 0.324561 0.630947 0.978203 0.307710 0.668540 0.987803 0.288011 0.815471 0.893881 0.277068 0.862261 0.918083 -1 0
0 0.644897 0.561511 0.206206 0.552643 0.678076 0.358546 0.995021 0.689082 0.346844 0.996181 0.673067 0.347267 0.902831 0.712633 0.350936 0.976876 0.669152 0.350737 0.063169 0.723014 0.420871 0.997603 0.673538 0.405019 0.995558 0.670888 0.512353 0.996801 0.635251 0.481736 0.968761 0.603646 0.508638 0.996816 0.595700 0.494185 0.968100 0.681348 0.615061 0.995589 0.647330 0.593435 0.994572 0.576931 0.655674 0.995535 0.559604 0.619759 0.989378 0.601610 0.792814 0.972382 0.597300 0.756444 0.951558 -1 0
0 0.856934 0.424353 0.107254 0.371041 0.887881 0.295405 0.977367 0.890172 0.287020 0.601714 0.882449 0.286910 0.988901 0.884243 0.284547 0.025311 0.864283 0.283256 0.981166 0.880423 0.316393 0.959509 0.838987 0.320482 0.996814 0.904897 0.367542 0.389734 0.845838 0.390981 0.988697 0.917027 0.368115 0.311011 0.891651 0.396958 0.956214 0.861206 0.443083 0.926654 0.831870 0.450776 0.975438 0.912838 0.457334 0.715463 0.888082 0.474580 0.931113 0.881585 0.559544 0.418198 0.858446 0.576134 0.704286 -1 0
0 0.268208 0.427577 0.091622 0.290309 0.294148 0.336912 0.983327 0.299267 0.324805 0.919742 0.283402 0.326655 0.987398 0.305549 0.334594 0.195171 0.266462 0.339961 0.925326 0.296506 0.397885 0.959133 0.258571 0.417192 0.979127 0.305332 0.492894 0.500361 0.274153 0.534915 0.672874 0.315531 0.536606 0.273717 0.310444 0.567419 0.351725 0.289611 0.553648 0.703155 0.263723 0.570015 0.763920 0.345764 0.591173 0.140709 0.331430 0.617012 0.226499 0.322965 0.681944 0.027404 0.319115 0.699206 0.038965 -1 0
0 0.475809 0.288106 0.091045 0.146951 0.482025 0.253588 0.990180 0.484654 0.245304 0.948767 0.474887 0.248785 0.992790 0.488157 0.246736 0.321414 0.462356 0.254890 0.965244 0.501601 0.275253 0.992794 0.451029 0.278399 0.990511 0.512603 0.342946 0.941295 0.437409 0.339724 0.864198 0.485982 0.349348 0.890936 0.452760 0.352878 0.776933 0.496013 0.372764 0.611373 0.461077 0.373859 0.576272 0.501776 0.394023 0.072264 0.450067 0.391261 0.054884 0.497661 0.422270 0.017034 0.454723 0.423928 0.012895 -1 0
0 0.936364 0.467189 0.127271 0.403812 0.958347 0.324711 0.037889 0.952256 0.316733 0.015419 0.957202 0.317271 0.045410 0.914243 0.321901 0.492583 0.952787 0.324324 0.871746 0.890969 0.369741 0.959339 0.965848 0.370303 0.989454 0.886077 0.442116 0.277774 0.997603 0.419965 0.678401 0.915357 0.453487 0.031522 0.979100 0.399425 0.087028 0.903486 0.529103 0.729658 0.949636 0.533369 0.844180 0.941166 0.502335 0.370324 0.974580 0.510794 0.578740 0.929430 0.619404 0.351274 0.930262 0.627813 0.503560 -1 0
0 0.565922 0.321439 0.130359 0.205287 0.550306 0.285703 0.271443 0.549097 0.277432 0.299256 0.550519 0.275018 0.021234 0.554331 0.271731 0.853444 0.574104 0.265774 0.044032 0.582886 0.303754 0.988187 0.589665 0.290505 0.960662 0.561840 0.384691 0.992704 0.565458 0.361113 0.809234 0.526535 0.371828 0.980262 0.535405 0.358256 0.712491 0.597214 0.441263 0.733284 0.600410 0.426810 0.634912 0.520646 0.447773 0.079737 0.520484 0.439882 0.030953 0.535808 0.515206 0.007423 0.536125 0.510251 0.003758 -1 0
0 0.090870 0.426898 0.093318 0.340299 0.097982 0.308259 0.982138 0.102543 0.299277 0.983023 0.091935 0.301776 0.943228 0.111212 0.293230 0.899136 0.084634 0.300163 0.494473 0.121789 0.326907 0.996123 0.088522 0.327873 0.990412 0.124321 0.387678 0.985093 0.082470 0.376950 0.848526 0.087473 0.387164 0.978876 0.063469 0.378424 0.824545 0.112076 0.431781 0.988783 0.089899 0.426714 0.983096 0.070035 0.465529 0.985671 0.053070 0.458828 0.969285 0.081244 0.551049 0.960089 0.080608 0.547148 0.929881 -1 0
0 0.624443 0.379541 0.097995 0.213738 0.643481 0.330183 0.981240 0.653788 0.319611 0.982105 0.637899 0.316931 0.928364 0.668840 0.326387 0.903687 0.630032 0.318283 0.265231 0.671288 0.389031 0.969547 0.632488 0.362146 0.986113 0.654807 0.470822 0.780861 0.616715 0.411917 0.961415 0.606767 0.487749 0.762344 0.592241 0.426332 0.947703 0.628129 0.500397 0.666768 0.602297 0.478288 0.749601 0.555555 0.517035 0.147324 0.548516 0.490224 0.184349 0.559170 0.602316 0.023400 0.555349 0.587894 0.030127 -1 0
0 0.684168 0.244944 0.080603 0.163760 0.673809 0.190460 0.010364 0.673415 0.186765 0.008861 0.675132 0.186931 0.005823 0.671309 0.189844 0.731730 0.691138 0.189598 0.680873 0.665117 0.220725 0.994191 0.701369 0.218658 0.994613 0.648609 0.243022 0.970431 0.714956 0.255657 0.977481 0.657998 0.202548 0.717750 0.719483 0.290315 0.774855 0.673940 0.299153 0.974262 0.696693 0.298025 0.973986 0.672148 0.349764 0.203383 0.701087 0.348905 0.198872 0.675565 0.389536 0.015988 0.702277 0.390250 0.016898 -1 0
0 0.377642 0.317750 0.069080 0.169056 0.371986 0.274102 0.964337 0.372045 0.265140 0.663315 0.365301 0.267104 0.967934 0.366550 0.268535 0.054305 0.350550 0.273621 0.936115 0.367390 0.305532 0.953994 0.351354 0.317244 0.962924 0.398454 0.343542 0.790637 0.388603 0.361162 0.906984 0.396894 0.309618 0.782086 0.392101 0.309360 0.885846 0.386303 0.397650 0.652696 0.373378 0.405966 0.679833 0.411101 0.409783 0.057777 0.401323 0.418890 0.086267 0.393547 0.445501 0.010421 0.394845 0.451981 0.013735 -1 0
0 0.334435 0.361372 0.060938 0.220105 0.341311 0.308814 0.991874 0.344261 0.299068 0.866324 0.334533 0.300464 0.992458 0.346301 0.295374 0.036455 0.315535 0.297431 0.957075 0.348514 0.326578 0.986187 0.301914 0.339014 0.964839 0.356822 0.394676 0.962262 0.308968 0.413228 0.695839 0.342146 0.431389 0.942906 0.316993 0.397085 0.699438 0.343742 0.440095 0.740222 0.312003 0.450814 0.624715 0.372813 0.448585 0.160924 0.343247 0.473635 0.089988 0.349522 0.504454 0.028713 0.334828 0.516664 0.015139 -1 0
0 0.607314 0.220818 0.053990 0.194577 0.598669 0.150497 0.032375 0.597290 0.146809 0.027617 0.599328 0.146010 0.017958 0.593854 0.145771 0.680679 0.608683 0.141750 0.558275 0.590164 0.167044 0.990993 0.619126 0.157201 0.986359 0.585944 0.204166 0.914343 0.628601 0.186108 0.852225 0.594303 0.199231 0.472795 0.624227 0.197077 0.365997 0.603404 0.230041 0.987422 0.623173 0.225342 0.985153 0.605121 0.284454 0.785378 0.625026 0.281273 0.760089 0.608020 0.332997 0.341628 0.626880 0.330483 0.320713 -1 0
