0 0.291466 0.389536 0.079651 0.230578 0.314303 0.303141 0.978245 0.313738 0.298203 0.418630 0.309373 0.297787 0.984437 0.299304 0.301099 0.026407 0.295451 0.301496 0.991569 0.277641 0.331237 0.995802 0.301326 0.330377 0.997200 0.257662 0.367330 0.893761 0.319856 0.365428 0.966595 0.279869 0.373098 0.783961 0.322500 0.352288 0.914113 0.278140 0.414165 0.990004 0.291379 0.413751 0.991243 0.291724 0.481392 0.942670 0.310387 0.476236 0.956705 0.262736 0.521080 0.697471 0.303246 0.525770 0.718418 -1 0
0 0.515256 0.455718 0.063592 0.156622 0.528216 0.409896 0.537729 0.528135 0.404937 0.043303 0.526572 0.404847 0.667857 0.510829 0.406853 0.019789 0.518874 0.408060 0.943963 0.511708 0.432132 0.861660 0.504104 0.434803 0.993049 0.529415 0.456180 0.201347 0.525438 0.458232 0.987017 0.547813 0.461452 0.112190 0.544117 0.456729 0.919830 0.513351 0.510393 0.797067 0.506828 0.515401 0.946087 0.545379 0.518449 0.114590 0.544763 0.528194 0.473557 0.543531 0.552554 0.025857 0.538853 0.558749 0.098746 -1 0
0 0.466328 0.485998 0.076920 0.183578 0.462145 0.423037 0.987428 0.466908 0.417830 0.981733 0.458058 0.417657 0.971278 0.474768 0.419468 0.853945 0.452640 0.419760 0.675953 0.476071 0.441038 0.985302 0.446478 0.453085 0.994833 0.488851 0.468959 0.859055 0.443226 0.506963 0.987852 0.494080 0.471826 0.836660 0.451375 0.549650 0.976587 0.483917 0.520673 0.873314 0.464342 0.529819 0.915204 0.514700 0.544753 0.178807 0.496023 0.562369 0.327507 0.498441 0.564130 0.029760 0.489681 0.576439 0.055850 -1 0
0 0.701661 0.499434 0.102972 0.202416 0.697911 0.431296 0.994283 0.699629 0.424259 0.862780 0.691262 0.426385 0.996988 0.700261 0.425651 0.045543 0.676579 0.431404 0.987618 0.695688 0.452939 0.983610 0.671000 0.471255 0.997927 0.714674 0.482430 0.682587 0.665417 0.529799 0.995974 0.718625 0.478837 0.691510 0.684061 0.575169 0.991657 0.697459 0.533767 0.935339 0.681999 0.547725 0.972747 0.744155 0.535195 0.553709 0.733078 0.560935 0.833554 0.733314 0.557475 0.225253 0.732262 0.577116 0.430593 -1 0
0 0.837269 0.482394 0.066651 0.164418 0.846224 0.434930 0.984344 0.847097 0.428691 0.768081 0.840178 0.429830 0.990733 0.845060 0.430514 0.054439 0.825571 0.433534 0.972953 0.836893 0.462172 0.938349 0.825883 0.461910 0.993052 0.850471 0.503402 0.382062 0.846527 0.495118 0.979404 0.864332 0.524452 0.323223 0.870044 0.494532 0.949003 0.833458 0.544404 0.791351 0.824893 0.548240 0.914910 0.869067 0.550589 0.177314 0.863672 0.558870 0.473030 0.858266 0.579936 0.048256 0.853689 0.581381 0.123086 -1 0
0 0.579187 0.492537 0.090711 0.172724 0.586992 0.446673 0.987114 0.590761 0.440825 0.832066 0.582674 0.440212 0.993126 0.592792 0.435822 0.072701 0.569664 0.434354 0.979365 0.589959 0.453846 0.976922 0.552336 0.465239 0.995510 0.604205 0.481004 0.735363 0.542525 0.517173 0.989075 0.615265 0.485510 0.690042 0.552908 0.556454 0.974170 0.590360 0.531540 0.839315 0.566200 0.542042 0.911465 0.636008 0.534185 0.200217 0.611831 0.553589 0.414558 0.618847 0.573055 0.048845 0.610991 0.582711 0.094531 -1 0
0 0.919515 0.509674 0.105618 0.200278 0.923996 0.444659 0.944583 0.922708 0.438368 0.138098 0.920604 0.439002 0.969885 0.908511 0.440486 0.003463 0.906831 0.443488 0.984849 0.909081 0.468641 0.950304 0.890321 0.483655 0.996464 0.928723 0.506234 0.476351 0.889865 0.545712 0.995640 0.948638 0.505409 0.442089 0.911625 0.589207 0.984654 0.910150 0.551308 0.897329 0.897683 0.564436 0.964986 0.965845 0.534363 0.387865 0.954385 0.559185 0.771073 0.964808 0.572445 0.123753 0.957856 0.593564 0.305567 -1 0
0 0.968536 0.494314 0.062928 0.159124 1.000000 0.452217 0.200435 1.000000 0.446849 0.021193 0.999444 0.446092 0.244271 0.995159 0.447032 0.017729 0.985909 0.444666 0.764932 0.994297 0.472467 0.620581 0.968007 0.464044 0.931439 1.000000 0.504230 0.121571 0.985526 0.469672 0.512122 0.996033 0.518625 0.043261 0.998504 0.466117 0.125669 0.972910 0.553536 0.586652 0.953565 0.553956 0.813302 1.000000 0.564581 0.090278 0.998125 0.572424 0.262764 0.996281 0.581795 0.041191 0.990398 0.584235 0.095162 -1 0
0 0.735815 0.476390 0.060388 0.156823 0.756941 0.431369 0.981013 0.760444 0.426097 0.765983 0.752133 0.424796 0.992692 0.758673 0.427551 0.052398 0.738403 0.425092 0.982660 0.739370 0.449286 0.744373 0.734584 0.452589 0.993143 0.758623 0.471060 0.089810 0.755698 0.483166 0.949295 0.774894 0.472878 0.116647 0.773140 0.487236 0.818638 0.724974 0.524660 0.515717 0.721654 0.529802 0.887155 0.758917 0.533976 0.106482 0.761460 0.546230 0.551937 0.745208 0.564193 0.067782 0.742458 0.571891 0.285071 -1 0
0 0.785212 0.499764 0.068810 0.170269 0.797829 0.443481 0.977751 0.802754 0.438523 0.910128 0.792630 0.437816 0.988569 0.808385 0.442493 0.294620 0.783516 0.440353 0.954341 0.798887 0.465811 0.897280 0.779262 0.473127 0.994319 0.808672 0.494207 0.278341 0.762700 0.518616 0.985557 0.816630 0.493838 0.288358 0.774326 0.557761 0.955922 0.791902 0.546715 0.733388 0.780125 0.555004 0.921619 0.840280 0.559242 0.123866 0.830102 0.579940 0.498362 0.814966 0.576534 0.047219 0.811529 0.589418 0.175387 -1 0
