0 0.099468 0.685605 0.198567 0.612142 0.121886 0.554959 0.996644 0.137132 0.523626 0.968836 0.096013 0.521045 0.998279 0.142196 0.531041 0.058602 0.041255 0.528460 0.977120 0.117626 0.676796 0.988760 0.007740 0.725504 0.894688 0.161238 0.896598 0.874926 0.050684 0.974517 0.132106 0.193280 0.985930 0.651627 0.153321 0.990952 0.094944 0.146632 0.968015 0.064653 0.073802 1.000000 0.016044 0.216131 0.894298 0.004417 0.150724 1.000000 0.001112 0.152131 0.966231 0.001777 0.134487 1.000000 0.000481 -1 0
0 0.879505 0.651790 0.240922 0.673702 0.907098 0.442491 0.996091 0.930166 0.414758 0.993592 0.892096 0.413274 0.978962 0.964465 0.432496 0.887229 0.869802 0.428496 0.491711 0.989916 0.572027 0.984664 0.872480 0.529249 0.916554 0.948290 0.813395 0.919881 0.837432 0.707708 0.601504 0.789238 0.831660 0.822275 0.768929 0.811347 0.447601 0.905308 0.926608 0.780865 0.824787 0.878403 0.666198 0.758629 0.990505 0.114375 0.715777 0.920553 0.065214 0.831015 0.916428 0.013356 0.778859 0.890871 0.009404 -1 0
0 0.291708 0.481409 0.152905 0.482350 0.271067 0.326904 0.985155 0.280304 0.309956 0.943451 0.256087 0.310425 0.990773 0.290620 0.317091 0.248449 0.232050 0.319768 0.928711 0.275672 0.405532 0.943513 0.225162 0.428270 0.987675 0.293124 0.533348 0.381912 0.242731 0.583463 0.944135 0.342995 0.550241 0.282143 0.331967 0.560343 0.878477 0.309452 0.630285 0.743556 0.274218 0.656454 0.861434 0.383746 0.678204 0.060692 0.358438 0.719890 0.201303 0.354329 0.715606 0.007646 0.338782 0.757901 0.020150 -1 0
0 0.770076 0.620711 0.118245 0.378114 0.739023 0.525119 0.995278 0.757227 0.510237 0.997128 0.730168 0.503430 0.931051 0.786992 0.523919 0.983252 0.725538 0.506019 0.074957 0.789397 0.650459 0.986475 0.744267 0.585821 0.986344 0.783419 0.789316 0.660116 0.724234 0.672256 0.736991 0.737152 0.811005 0.402547 0.710347 0.744393 0.525613 0.770454 0.814104 0.429990 0.741489 0.770054 0.502171 0.712389 0.847105 0.031409 0.687183 0.761463 0.039156 0.734792 0.842126 0.005121 0.725479 0.834226 0.007394 -1 0
0 0.195707 0.656903 0.164013 0.603969 0.212393 0.460006 0.993525 0.223481 0.436600 0.982158 0.191582 0.440687 0.996713 0.238847 0.446803 0.278209 0.161284 0.459044 0.937836 0.248332 0.558287 0.943234 0.138394 0.585945 0.971362 0.258599 0.674426 0.263974 0.091248 0.720829 0.397816 0.254597 0.743699 0.107948 0.162533 0.762066 0.158168 0.262928 0.852638 0.752413 0.189318 0.875388 0.808278 0.300193 0.945673 0.039780 0.237760 0.985049 0.058069 0.272761 0.981708 0.005019 0.224753 1.000000 0.006174 -1 0
0 0.663326 0.454437 0.101352 0.270839 0.644631 0.378235 0.980028 0.654077 0.369526 0.991335 0.636605 0.368271 0.966580 0.667465 0.377945 0.925417 0.626778 0.374732 0.584870 0.676017 0.430360 0.994308 0.630607 0.420497 0.880833 0.704968 0.494259 0.983547 0.623086 0.471783 0.234824 0.702927 0.563541 0.949282 0.620821 0.512726 0.229398 0.667997 0.564849 0.872586 0.637519 0.555961 0.584756 0.652005 0.622588 0.234390 0.606984 0.602033 0.042266 0.663025 0.658430 0.046238 0.621992 0.648546 0.011086 -1 0
0 0.513634 0.231246 0.094172 0.165221 0.509767 0.186022 0.982719 0.514746 0.178419 0.980586 0.504083 0.178799 0.984007 0.521765 0.181852 0.837649 0.496847 0.183370 0.899991 0.536380 0.219382 0.993000 0.486814 0.226326 0.992306 0.552768 0.274369 0.943401 0.480924 0.289513 0.934205 0.547105 0.309278 0.897379 0.498995 0.311033 0.885720 0.536911 0.321129 0.698839 0.503283 0.325512 0.687402 0.553433 0.354758 0.069168 0.507548 0.357700 0.070039 0.545091 0.370155 0.014933 0.506975 0.376224 0.015319 -1 0
0 0.329818 0.431998 0.075752 0.239277 0.330089 0.393447 0.968748 0.338105 0.377539 0.963176 0.317714 0.380496 0.973136 0.349365 0.379946 0.676528 0.303221 0.387988 0.848714 0.345815 0.423916 0.983515 0.298272 0.448516 0.920534 0.359164 0.503494 0.830373 0.302355 0.547344 0.338214 0.344890 0.540997 0.588733 0.335850 0.542568 0.236457 0.340181 0.566657 0.503851 0.307502 0.584398 0.307765 0.394611 0.584673 0.057871 0.358805 0.619831 0.030410 0.368142 0.632590 0.019758 0.345232 0.656224 0.010898 -1 0
0 0.397383 0.395847 0.082349 0.199258 0.422047 0.354923 0.982592 0.429056 0.348609 0.825408 0.415101 0.342710 0.989624 0.431732 0.356972 0.094867 0.398228 0.344575 0.966369 0.400596 0.383921 0.946262 0.390867 0.383102 0.988261 0.409061 0.438370 0.397004 0.407022 0.456000 0.932325 0.420047 0.394993 0.331359 0.421277 0.396734 0.858249 0.377349 0.489974 0.486418 0.370024 0.495751 0.657478 0.437359 0.498900 0.063841 0.431278 0.519019 0.177360 0.417350 0.535310 0.018380 0.415777 0.552195 0.038976 -1 0
0 0.657824 0.311554 0.124028 0.323521 0.641123 0.205151 0.994628 0.654570 0.195807 0.996234 0.638123 0.192891 0.938187 0.676043 0.212988 0.974723 0.633953 0.203310 0.103493 0.679834 0.286911 0.990728 0.638463 0.270417 0.989559 0.655874 0.404284 0.819168 0.614308 0.375425 0.818233 0.608749 0.463403 0.489934 0.588879 0.458119 0.516839 0.679722 0.471945 0.768129 0.649362 0.457042 0.778629 0.624195 0.539518 0.080843 0.589406 0.520187 0.068613 0.647256 0.607020 0.008194 0.614603 0.600596 0.007823 -1 0
0 0.603666 0.294236 0.059404 0.221823 0.597374 0.230651 0.985190 0.607008 0.223166 0.987826 0.594283 0.220597 0.902809 0.623180 0.233800 0.931051 0.590344 0.226356 0.137553 0.629604 0.289784 0.937477 0.588731 0.273175 0.975337 0.624340 0.373863 0.425747 0.582774 0.340708 0.722235 0.592482 0.397650 0.283087 0.590358 0.388815 0.469534 0.613587 0.401341 0.447028 0.585931 0.389282 0.588007 0.585846 0.439078 0.056018 0.564057 0.426902 0.093410 0.593458 0.475503 0.014899 0.573715 0.471315 0.024572 -1 0
0 0.377913 0.292960 0.066535 0.216485 0.396386 0.237281 0.977103 0.402166 0.229225 0.925473 0.388096 0.228204 0.988268 0.408629 0.236184 0.302557 0.374475 0.234415 0.947868 0.401422 0.285493 0.898494 0.367899 0.294840 0.985944 0.411460 0.354862 0.191816 0.364402 0.381332 0.765231 0.423977 0.360382 0.126257 0.403969 0.369359 0.450361 0.396775 0.413348 0.240045 0.373410 0.422638 0.483266 0.431256 0.423079 0.022694 0.403543 0.444260 0.080988 0.413954 0.463576 0.012362 0.388262 0.483849 0.031799 -1 0
0 0.394256 0.182100 0.077756 0.205962 0.423561 0.118423 0.983790 0.427464 0.113417 0.850228 0.419145 0.109461 0.991668 0.426765 0.118109 0.105018 0.406334 0.108405 0.970718 0.413308 0.156743 0.952960 0.389935 0.140034 0.988459 0.408742 0.216905 0.450035 0.375132 0.204184 0.926316 0.430041 0.238770 0.277095 0.380716 0.260808 0.762223 0.392408 0.261483 0.694520 0.376482 0.254557 0.818962 0.407081 0.316426 0.080650 0.387542 0.304511 0.170268 0.394483 0.347899 0.015702 0.375052 0.351297 0.027886 -1 0
0 0.622765 0.132919 0.053601 0.151195 0.608837 0.104361 0.948652 0.613962 0.094293 0.970983 0.604089 0.096043 0.849595 0.626646 0.092091 0.901455 0.600610 0.097119 0.208138 0.637668 0.137490 0.948110 0.604847 0.137928 0.843719 0.644520 0.200433 0.547336 0.598550 0.189755 0.128542 0.624825 0.221721 0.285593 0.595665 0.206962 0.080210 0.625055 0.241983 0.416819 0.603679 0.238927 0.281374 0.620247 0.286001 0.046671 0.597130 0.282700 0.023436 0.612780 0.307957 0.015907 0.598474 0.303015 0.009164 -1 0
