1 0.070312 0.443359 0.132812 0.050781
1 0.171875 0.494141 0.125000 0.121094
1 0.283203 0.486328 0.121094 0.113281
1 0.406250 0.482422 0.109375 0.113281
1 0.503906 0.464844 0.101562 0.125000
1 0.576172 0.462891 0.074219 0.121094
1 0.652344 0.455078 0.085938 0.097656
1 0.730469 0.464844 0.062500 0.085938
1 0.781250 0.468750 0.046875 0.078125
1 0.835938 0.466797 0.046875 0.058594
1 0.929688 0.462891 0.125000 0.050781
1 0.628906 0.363281 0.062500 0.039062
1 0.707031 0.339844 0.039062 0.039062
1 0.085938 0.494141 0.039062 0.042969
1 0.109375 0.554688 0.078125 0.039062
1 0.068359 0.558594 0.074219 0.046875
1 0.035156 0.574219 0.062500 0.039062
