2 0.263672 0.267578 0.183594 0.152344
2 0.406250 0.324219 0.125000 0.195312
2 0.513672 0.406250 0.113281 0.250000
2 0.654297 0.453125 0.183594 0.281250
2 0.783203 0.408203 0.128906 0.191406
2 0.751953 0.591797 0.113281 0.199219
2 0.400391 0.451172 0.097656 0.050781
2 0.312500 0.376953 0.140625 0.082031
2 0.138672 0.236328 0.066406 0.097656
2 0.533203 0.531250 0.082031 0.062500
2 0.666016 0.603516 0.128906 0.074219
2 0.853516 0.687500 0.121094 0.093750
2 0.867188 0.451172 0.093750 0.089844
2 0.091797 0.191406 0.089844 0.046875
2 0.222656 0.345703 0.070312 0.058594
