2 0.589844 0.367188 0.445312 0.187500
2 0.291016 0.375000 0.144531 0.187500
2 0.669922 0.513672 0.285156 0.097656
2 0.835938 0.421875 0.054688 0.140625
2 0.468750 0.500000 0.093750 0.093750
2 0.220703 0.511719 0.144531 0.085938
2 0.154297 0.359375 0.144531 0.109375
2 0.687500 0.611328 0.328125 0.121094
2 0.837891 0.525391 0.042969 0.066406
2 0.578125 0.234375 0.406250 0.093750
2 0.306641 0.250000 0.121094 0.062500
2 0.359375 0.498047 0.125000 0.066406
2 0.148438 0.449219 0.132812 0.101562
2 0.832031 0.667969 0.070312 0.140625
