2 0.482422 0.400391 0.089844 0.097656
2 0.562500 0.390625 0.078125 0.062500
2 0.599609 0.386719 0.074219 0.039062
2 0.636719 0.396484 0.070312 0.042969
2 0.541016 0.453125 0.074219 0.062500
2 0.562500 0.519531 0.109375 0.039062
2 0.412109 0.509766 0.074219 0.027344
2 0.279297 0.529297 0.074219 0.042969
2 0.320312 0.525391 0.062500 0.042969
2 0.451172 0.578125 0.089844 0.031250
2 0.527344 0.593750 0.046875 0.046875
2 0.552734 0.597656 0.050781 0.054688
2 0.472656 0.582031 0.070312 0.054688
2 0.671875 0.714844 0.093750 0.039062
2 0.779297 0.781250 0.097656 0.140625
2 0.853516 0.843750 0.050781 0.234375
2 0.898438 0.875000 0.039062 0.218750
2 0.917969 0.886719 0.046875 0.195312
2 0.933594 0.925781 0.070312 0.117188
2 0.839844 0.849609 0.148438 0.097656
2 0.699219 0.765625 0.062500 0.062500
2 0.742188 0.792969 0.078125 0.062500
2 0.791016 0.859375 0.074219 0.140625
2 0.451172 0.326172 0.066406 0.066406
