2 0.390625 0.187500 0.468750 0.265625
2 0.576172 0.500000 0.246094 0.390625
2 0.718750 0.179688 0.187500 0.242188
2 0.246094 0.410156 0.484375 0.203125
2 0.787109 0.742188 0.308594 0.414062
2 0.589844 0.691406 0.312500 0.257812
2 0.765625 0.402344 0.109375 0.257812
2 0.857422 0.187500 0.066406 0.218750
2 0.437500 0.064453 0.421875 0.121094
2 0.748047 0.056641 0.183594 0.105469
2 0.105469 0.234375 0.125000 0.218750
2 0.234375 0.517578 0.460938 0.175781
2 0.462891 0.736328 0.144531 0.128906
2 0.156250 0.132812 0.140625 0.117188
2 0.240234 0.062500 0.160156 0.101562
