1 0.406250 0.369141 0.234375 0.261719
1 0.564453 0.500000 0.097656 0.492188
1 0.652344 0.521484 0.101562 0.449219
1 0.736328 0.437500 0.066406 0.109375
1 0.693359 0.634766 0.144531 0.191406
1 0.445312 0.513672 0.226562 0.152344
1 0.478516 0.617188 0.191406 0.140625
1 0.498047 0.707031 0.152344 0.117188
1 0.343750 0.185547 0.140625 0.097656
1 0.341797 0.097656 0.128906 0.070312
1 0.464844 0.113281 0.164062 0.085938
1 0.613281 0.126953 0.164062 0.082031
1 0.224609 0.072266 0.136719 0.066406
1 0.791016 0.689453 0.089844 0.082031
