2 0.593750 0.468750 0.140625 0.156250
2 0.525391 0.775391 0.082031 0.253906
2 0.511719 0.533203 0.054688 0.058594
2 0.486328 0.810547 0.082031 0.160156
2 0.585938 0.714844 0.117188 0.187500
2 0.656250 0.419922 0.093750 0.066406
2 0.416016 0.875000 0.027344 0.125000
2 0.593750 0.576172 0.125000 0.121094
2 0.484375 0.937500 0.093750 0.062500
2 0.390625 0.947266 0.125000 0.105469
2 0.544922 0.343750 0.058594 0.078125
2 0.660156 0.498047 0.062500 0.121094
2 0.423828 0.875000 0.121094 0.093750
2 0.615234 0.314453 0.066406 0.035156
