1 0.277344 0.263672 0.078125 0.058594
1 0.218750 0.277344 0.031250 0.031250
1 0.498047 0.281250 0.152344 0.031250
1 0.343750 0.291016 0.062500 0.027344
1 0.250000 0.326172 0.125000 0.035156
1 0.199219 0.484375 0.343750 0.187500
1 0.482422 0.437500 0.214844 0.203125
1 0.656250 0.386719 0.218750 0.109375
1 0.828125 0.406250 0.093750 0.125000
1 0.941406 0.427734 0.117188 0.136719
1 0.718750 0.343750 0.109375 0.093750
1 0.873047 0.525391 0.222656 0.144531
1 0.685547 0.494141 0.191406 0.082031
1 0.263672 0.402344 0.269531 0.078125
