2 0.123047 0.447266 0.136719 0.121094
2 0.250000 0.466797 0.125000 0.105469
2 0.359375 0.462891 0.093750 0.082031
2 0.435547 0.492188 0.082031 0.148438
2 0.531250 0.496094 0.109375 0.132812
2 0.656250 0.500000 0.125000 0.140625
2 0.761719 0.500000 0.062500 0.125000
2 0.804688 0.494141 0.078125 0.097656
2 0.335938 0.531250 0.156250 0.093750
2 0.835938 0.574219 0.132812 0.140625
2 0.953125 0.621094 0.093750 0.078125
2 0.828125 0.035156 0.203125 0.062500
2 0.714844 0.595703 0.109375 0.058594
2 0.652344 0.400391 0.078125 0.097656
2 0.748047 0.408203 0.097656 0.113281
2 0.560547 0.429688 0.121094 0.140625
