2 0.421875 0.376953 0.406250 0.183594
2 0.437500 0.478516 0.328125 0.136719
2 0.480469 0.554688 0.179688 0.093750
2 0.720703 0.400391 0.183594 0.121094
2 0.839844 0.335938 0.062500 0.164062
2 0.931641 0.275391 0.136719 0.285156
2 0.718750 0.308594 0.171875 0.054688
2 0.136719 0.267578 0.109375 0.128906
2 0.636719 0.449219 0.148438 0.156250
2 0.259766 0.070312 0.183594 0.093750
2 0.203125 0.162109 0.085938 0.082031
2 0.060547 0.275391 0.089844 0.121094
2 0.199219 0.345703 0.148438 0.105469
2 0.375000 0.541016 0.101562 0.089844
2 0.277344 0.539062 0.125000 0.148438
2 0.828125 0.257812 0.093750 0.085938
