0 0.155712 0.512055 0.311196 0.975719 0.016607 0.462864 0.003199 0.008889 0.432026 0.001174 0.009392 0.425194 0.001559 0.000000 0.441748 0.003571 0.002102 0.425909 0.005404 0.037078 0.557191 0.108642 0.037985 0.548253 0.026846 0.228431 0.932797 0.154221 0.221514 0.944746 0.038957 0.089604 0.974392 0.121939 0.074136 0.969199 0.043589 0.067594 0.658214 0.327027 0.068322 0.656649 0.222050 0.237480 0.956138 0.231345 0.213011 0.939780 0.180682 0.158555 0.964426 0.044884 0.139080 0.965373 0.041323 -1 0
2 0.466797 0.373047 0.230469 0.089844
2 0.628906 0.423828 0.085938 0.191406
2 0.298828 0.484375 0.066406 0.171875
2 0.439453 0.496094 0.191406 0.148438
2 0.316406 0.638672 0.148438 0.121094
2 0.498047 0.683594 0.183594 0.078125
2 0.640625 0.660156 0.093750 0.132812
2 0.751953 0.390625 0.050781 0.046875
2 0.781250 0.664062 0.187500 0.132812
2 0.500000 0.607422 0.218750 0.128906
2 0.574219 0.503906 0.093750 0.164062
2 0.580078 0.728516 0.199219 0.082031
2 0.707031 0.437500 0.093750 0.070312
2 0.343750 0.388672 0.085938 0.097656
2 0.263672 0.437500 0.089844 0.054688
2 0.804688 0.382812 0.070312 0.039062
2 0.226562 0.644531 0.101562 0.101562
