1 0.058594 0.564453 0.109375 0.113281
1 0.431641 0.376953 0.105469 0.074219
1 0.341797 0.386719 0.050781 0.031250
1 0.279297 0.435547 0.097656 0.058594
1 0.421875 0.468750 0.078125 0.046875
1 0.667969 0.435547 0.039062 0.019531
1 0.888672 0.484375 0.066406 0.031250
1 0.830078 0.419922 0.082031 0.035156
1 0.281250 0.515625 0.046875 0.031250
1 0.232422 0.388672 0.027344 0.027344
1 0.281250 0.298828 0.187500 0.089844
1 0.513672 0.308594 0.183594 0.085938
1 0.765625 0.294922 0.296875 0.058594
1 0.406250 0.328125 0.062500 0.062500
1 0.554688 0.431641 0.109375 0.058594
