2 0.609375 0.386719 0.109375 0.250000
2 0.689453 0.375000 0.050781 0.218750
2 0.705078 0.357422 0.089844 0.105469
2 0.748047 0.404297 0.121094 0.105469
2 0.472656 0.480469 0.148438 0.218750
2 0.503906 0.539062 0.195312 0.125000
2 0.607422 0.544922 0.019531 0.058594
2 0.525391 0.335938 0.058594 0.078125
2 0.523438 0.378906 0.125000 0.109375
2 0.371094 0.556641 0.226562 0.207031
2 0.218750 0.556641 0.062500 0.128906
2 0.222656 0.558594 0.132812 0.117188
2 0.511719 0.939453 0.085938 0.121094
2 0.449219 0.957031 0.125000 0.085938
2 0.408203 0.960938 0.113281 0.062500
2 0.673828 0.953125 0.058594 0.093750
2 0.763672 0.958984 0.160156 0.074219
2 0.875000 0.968750 0.062500 0.046875
2 0.597656 0.984375 0.085938 0.031250
2 0.613281 0.949219 0.125000 0.093750
2 0.408203 0.451172 0.160156 0.089844
