2 0.242188 0.228516 0.179688 0.144531
2 0.392578 0.226562 0.113281 0.148438
2 0.146484 0.251953 0.089844 0.128906
2 0.201172 0.335938 0.136719 0.070312
2 0.404297 0.626953 0.160156 0.207031
2 0.542969 0.664062 0.171875 0.226562
2 0.695312 0.621094 0.132812 0.085938
2 0.759766 0.574219 0.160156 0.031250
2 0.453125 0.761719 0.062500 0.039062
2 0.537109 0.806641 0.097656 0.105469
2 0.583984 0.888672 0.082031 0.074219
2 0.265625 0.560547 0.125000 0.050781
2 0.332031 0.636719 0.148438 0.117188
2 0.251953 0.480469 0.136719 0.070312
2 0.177734 0.482422 0.058594 0.050781
2 0.357422 0.458984 0.097656 0.050781
2 0.285156 0.292969 0.078125 0.062500
2 0.484375 0.255859 0.085938 0.074219
2 0.460938 0.402344 0.062500 0.046875
2 0.626953 0.708984 0.082031 0.121094
2 0.193359 0.564453 0.058594 0.042969
2 0.138672 0.082031 0.199219 0.062500
2 0.154297 0.031250 0.113281 0.046875
2 0.416016 0.728516 0.097656 0.050781
