2 0.578125 0.671875 0.125000 0.109375
2 0.625000 0.591797 0.125000 0.050781
2 0.679688 0.218750 0.093750 0.109375
2 0.722656 0.173828 0.085938 0.082031
2 0.873047 0.041016 0.058594 0.035156
2 0.587891 0.736328 0.097656 0.121094
2 0.017578 0.515625 0.027344 0.062500
2 0.861328 0.152344 0.066406 0.093750
2 0.679688 0.060547 0.062500 0.042969
2 0.765625 0.064453 0.078125 0.027344
2 0.917969 0.072266 0.078125 0.035156
2 0.910156 0.119141 0.046875 0.050781
2 0.812500 0.263672 0.125000 0.058594
2 0.746094 0.291016 0.109375 0.050781
2 0.658203 0.626953 0.066406 0.089844
2 0.716797 0.560547 0.066406 0.050781
2 0.576172 0.863281 0.074219 0.140625
2 0.603516 0.517578 0.113281 0.097656
2 0.097656 0.773438 0.187500 0.437500
