1 0.375000 0.589844 0.109375 0.210938
1 0.306641 0.625000 0.136719 0.179688
1 0.419922 0.558594 0.121094 0.265625
1 0.283203 0.248047 0.082031 0.097656
1 0.134766 0.248047 0.113281 0.089844
1 0.080078 0.324219 0.128906 0.070312
1 0.044922 0.416016 0.082031 0.121094
1 0.576172 0.199219 0.144531 0.109375
1 0.480469 0.343750 0.109375 0.156250
1 0.433594 0.416016 0.101562 0.113281
1 0.517578 0.625000 0.066406 0.109375
1 0.810547 0.275391 0.183594 0.105469
1 0.822266 0.501953 0.128906 0.121094
1 0.625000 0.580078 0.125000 0.113281
1 0.953125 0.919922 0.093750 0.160156
