2 0.109375 0.792969 0.203125 0.390625
2 0.355469 0.765625 0.234375 0.453125
2 0.564453 0.867188 0.207031 0.250000
2 0.216797 0.404297 0.292969 0.261719
2 0.390625 0.410156 0.140625 0.273438
2 0.531250 0.285156 0.125000 0.320312
2 0.671875 0.240234 0.140625 0.253906
2 0.062500 0.509766 0.109375 0.183594
2 0.757812 0.207031 0.093750 0.210938
2 0.121094 0.234375 0.109375 0.117188
2 0.031250 0.357422 0.054688 0.113281
2 0.232422 0.646484 0.253906 0.261719
2 0.634766 0.595703 0.332031 0.285156
2 0.902344 0.564453 0.195312 0.628906
2 0.824219 0.853516 0.351562 0.269531
2 0.841797 0.234375 0.089844 0.085938
2 0.082031 0.033203 0.156250 0.058594
