2 0.572266 0.539062 0.175781 0.156250
2 0.703125 0.556641 0.093750 0.183594
2 0.810547 0.593750 0.105469 0.234375
2 0.906250 0.607422 0.093750 0.222656
2 0.951172 0.626953 0.097656 0.222656
2 0.718750 0.671875 0.062500 0.062500
2 0.433594 0.546875 0.117188 0.125000
2 0.324219 0.554688 0.078125 0.117188
2 0.232422 0.638672 0.082031 0.121094
2 0.138672 0.654297 0.089844 0.128906
2 0.048828 0.638672 0.089844 0.136719
2 0.378906 0.621094 0.195312 0.078125
2 0.548828 0.632812 0.144531 0.031250
2 0.673828 0.646484 0.082031 0.082031
2 0.603516 0.650391 0.058594 0.082031
2 0.250000 0.546875 0.062500 0.046875
2 0.210938 0.591797 0.109375 0.082031
