1 0.453125 0.248047 0.218750 0.113281
1 0.636719 0.328125 0.148438 0.203125
1 0.406250 0.500000 0.140625 0.125000
1 0.558594 0.578125 0.148438 0.250000
1 0.650391 0.619141 0.144531 0.269531
1 0.531250 0.775391 0.312500 0.128906
1 0.416016 0.628906 0.128906 0.171875
1 0.388672 0.183594 0.152344 0.085938
1 0.486328 0.185547 0.097656 0.066406
1 0.857422 0.154297 0.097656 0.074219
1 0.765625 0.576172 0.093750 0.128906
1 0.742188 0.705078 0.109375 0.082031
1 0.369141 0.388672 0.160156 0.175781
1 0.779297 0.154297 0.089844 0.058594
1 0.298828 0.767578 0.167969 0.152344
1 0.335938 0.513672 0.109375 0.074219
1 0.324219 0.640625 0.171875 0.062500
1 0.609375 0.123047 0.140625 0.105469
