2 0.343750 0.185547 0.187500 0.222656
2 0.496094 0.400391 0.242188 0.175781
2 0.578125 0.628906 0.312500 0.296875
2 0.857422 0.859375 0.183594 0.250000
2 0.294922 0.398438 0.160156 0.179688
2 0.355469 0.609375 0.179688 0.281250
2 0.433594 0.261719 0.195312 0.140625
2 0.650391 0.451172 0.066406 0.121094
2 0.781250 0.666016 0.109375 0.144531
2 0.640625 0.841797 0.312500 0.253906
2 0.248047 0.216797 0.167969 0.191406
2 0.085938 0.343750 0.164062 0.250000
2 0.199219 0.607422 0.117188 0.269531
2 0.441406 0.144531 0.093750 0.101562
2 0.554688 0.294922 0.046875 0.097656
2 0.402344 0.810547 0.164062 0.128906
2 0.687500 0.548828 0.171875 0.183594
2 0.248047 0.123047 0.113281 0.097656
2 0.148438 0.248047 0.210938 0.128906
2 0.115234 0.482422 0.113281 0.105469
2 0.312500 0.802734 0.085938 0.128906
