2 0.578125 0.462891 0.093750 0.066406
2 0.652344 0.484375 0.054688 0.093750
2 0.515625 0.484375 0.046875 0.062500
2 0.603516 0.091797 0.121094 0.152344
2 0.796875 0.386719 0.046875 0.070312
2 0.937500 0.421875 0.093750 0.187500
2 0.308594 0.523438 0.070312 0.054688
2 0.447266 0.500000 0.097656 0.046875
2 0.339844 0.183594 0.054688 0.070312
2 0.375000 0.078125 0.046875 0.140625
2 0.416016 0.046875 0.058594 0.085938
2 0.960938 0.244141 0.078125 0.214844
2 0.898438 0.310547 0.117188 0.082031
2 0.833984 0.474609 0.113281 0.113281
2 0.093750 0.404297 0.062500 0.089844
