2 0.460938 0.294922 0.187500 0.214844
2 0.181641 0.324219 0.355469 0.164062
2 0.375000 0.593750 0.328125 0.125000
2 0.781250 0.525391 0.265625 0.246094
2 0.660156 0.535156 0.101562 0.179688
2 0.564453 0.589844 0.089844 0.140625
2 0.107422 0.464844 0.207031 0.117188
2 0.304688 0.468750 0.203125 0.093750
2 0.402344 0.685547 0.296875 0.058594
2 0.853516 0.734375 0.152344 0.187500
2 0.673828 0.373047 0.152344 0.082031
2 0.378906 0.759766 0.125000 0.089844
2 0.421875 0.150391 0.078125 0.089844
2 0.609375 0.267578 0.109375 0.128906
2 0.185547 0.968750 0.253906 0.062500
2 0.515625 0.064453 0.132812 0.058594
2 0.830078 0.031250 0.121094 0.046875
2 0.648438 0.044922 0.125000 0.066406
