2 0.544922 0.248047 0.207031 0.167969
2 0.546875 0.361328 0.125000 0.058594
2 0.431641 0.242188 0.113281 0.179688
2 0.542969 0.386719 0.117188 0.078125
2 0.449219 0.562500 0.109375 0.125000
2 0.533203 0.560547 0.066406 0.074219
2 0.595703 0.546875 0.050781 0.062500
2 0.369141 0.580078 0.050781 0.121094
2 0.330078 0.613281 0.066406 0.062500
2 0.656250 0.531250 0.062500 0.062500
2 0.656250 0.277344 0.070312 0.093750
2 0.384766 0.281250 0.089844 0.093750
2 0.521484 0.445312 0.105469 0.031250
2 0.617188 0.345703 0.078125 0.066406
