2 0.830078 0.701172 0.183594 0.050781
2 0.417969 0.359375 0.070312 0.093750
2 0.472656 0.236328 0.085938 0.035156
2 0.390625 0.251953 0.078125 0.035156
2 0.117188 0.376953 0.117188 0.042969
2 0.283203 0.357422 0.183594 0.042969
2 0.500000 0.310547 0.078125 0.042969
2 0.363281 0.332031 0.085938 0.031250
2 0.365234 0.416016 0.105469 0.042969
2 0.496094 0.384766 0.062500 0.035156
2 0.572266 0.332031 0.082031 0.070312
2 0.605469 0.271484 0.085938 0.035156
2 0.738281 0.642578 0.070312 0.082031
2 0.205078 0.408203 0.074219 0.066406
2 0.908203 0.707031 0.105469 0.109375
