1 0.623047 0.291016 0.082031 0.167969
1 0.732422 0.251953 0.128906 0.035156
1 0.689453 0.314453 0.058594 0.089844
1 0.455078 0.359375 0.261719 0.085938
1 0.423828 0.517578 0.074219 0.238281
1 0.527344 0.435547 0.195312 0.136719
1 0.828125 0.544922 0.140625 0.097656
1 0.345703 0.546875 0.097656 0.226562
1 0.304688 0.599609 0.164062 0.183594
1 0.878906 0.304688 0.093750 0.062500
1 0.937500 0.371094 0.109375 0.062500
1 0.957031 0.205078 0.085938 0.082031
1 0.960938 0.421875 0.070312 0.046875
1 0.929688 0.576172 0.046875 0.113281
1 0.041016 0.238281 0.074219 0.101562
1 0.847656 0.593750 0.132812 0.109375
1 0.972656 0.642578 0.054688 0.105469
1 0.835938 0.269531 0.093750 0.070312
1 0.712891 0.101562 0.097656 0.085938
1 0.583984 0.230469 0.058594 0.062500
1 0.523438 0.556641 0.117188 0.089844
