1 0.273438 0.562500 0.140625 0.375000
1 0.416016 0.546875 0.136719 0.343750
1 0.541016 0.556641 0.097656 0.316406
1 0.652344 0.556641 0.109375 0.261719
1 0.734375 0.560547 0.062500 0.214844
1 0.785156 0.576172 0.109375 0.183594
1 0.917969 0.560547 0.164062 0.066406
1 0.923828 0.470703 0.152344 0.105469
1 0.966797 0.447266 0.066406 0.105469
1 0.060547 0.562500 0.097656 0.312500
1 0.056641 0.591797 0.105469 0.269531
1 0.109375 0.714844 0.203125 0.078125
1 0.181641 0.533203 0.183594 0.292969
1 0.595703 0.173828 0.191406 0.066406
1 0.814453 0.222656 0.097656 0.046875
