2 0.732422 0.546875 0.238281 0.093750
2 0.583984 0.583984 0.074219 0.097656
2 0.552734 0.609375 0.089844 0.093750
2 0.496094 0.640625 0.078125 0.062500
2 0.437500 0.671875 0.046875 0.031250
2 0.400391 0.693359 0.074219 0.058594
2 0.322266 0.748047 0.074219 0.050781
2 0.865234 0.539062 0.066406 0.062500
2 0.785156 0.464844 0.117188 0.070312
2 0.689453 0.476562 0.152344 0.078125
2 0.681641 0.589844 0.167969 0.054688
2 0.921875 0.539062 0.070312 0.046875
2 0.269531 0.765625 0.070312 0.031250
2 0.291016 0.257812 0.269531 0.109375
2 0.080078 0.287109 0.152344 0.128906
2 0.363281 0.722656 0.062500 0.062500
2 0.617188 0.548828 0.078125 0.074219
2 0.810547 0.427734 0.089844 0.066406
2 0.917969 0.382812 0.093750 0.054688
