2 0.232422 0.376953 0.214844 0.121094
2 0.361328 0.369141 0.050781 0.167969
2 0.402344 0.310547 0.101562 0.066406
2 0.574219 0.330078 0.117188 0.199219
2 0.720703 0.386719 0.191406 0.085938
2 0.640625 0.609375 0.148438 0.296875
2 0.759766 0.576172 0.144531 0.144531
2 0.554688 0.671875 0.062500 0.187500
2 0.505859 0.654297 0.097656 0.113281
2 0.457031 0.730469 0.132812 0.078125
2 0.119141 0.419922 0.066406 0.097656
2 0.091797 0.285156 0.121094 0.054688
2 0.382812 0.091797 0.125000 0.074219
2 0.613281 0.560547 0.101562 0.089844
2 0.974609 0.414062 0.050781 0.078125
2 0.681641 0.244141 0.097656 0.050781
2 0.660156 0.345703 0.054688 0.089844
2 0.857422 0.152344 0.097656 0.078125
2 0.744141 0.156250 0.160156 0.039062
2 0.412109 0.417969 0.097656 0.054688
2 0.755859 0.494141 0.066406 0.066406
2 0.421875 0.029297 0.125000 0.050781
2 0.574219 0.048828 0.078125 0.050781
2 0.669922 0.189453 0.082031 0.089844
2 0.511719 0.318359 0.101562 0.074219
