2 0.466797 0.712891 0.136719 0.246094
2 0.617188 0.687500 0.148438 0.171875
2 0.345703 0.478516 0.074219 0.058594
2 0.423828 0.496094 0.074219 0.070312
2 0.496094 0.472656 0.054688 0.023438
2 0.437500 0.421875 0.117188 0.031250
2 0.400391 0.703125 0.089844 0.156250
2 0.740234 0.722656 0.113281 0.093750
2 0.666016 0.279297 0.167969 0.035156
2 0.421875 0.275391 0.148438 0.035156
2 0.339844 0.443359 0.078125 0.050781
2 0.488281 0.572266 0.125000 0.066406
2 0.615234 0.615234 0.128906 0.066406
2 0.376953 0.226562 0.074219 0.046875
