1 0.529297 0.109375 0.152344 0.078125
1 0.312500 0.697266 0.125000 0.261719
1 0.187500 0.875000 0.109375 0.218750
1 0.421875 0.525391 0.093750 0.222656
1 0.531250 0.242188 0.078125 0.140625
1 0.218750 0.716797 0.109375 0.167969
1 0.361328 0.560547 0.152344 0.082031
1 0.312500 0.656250 0.218750 0.140625
1 0.267578 0.898438 0.113281 0.171875
1 0.548828 0.179688 0.097656 0.125000
1 0.441406 0.341797 0.117188 0.183594
1 0.328125 0.851562 0.109375 0.125000
1 0.503906 0.339844 0.078125 0.101562
1 0.367188 0.730469 0.085938 0.101562
1 0.326172 0.939453 0.097656 0.105469
