1 0.638672 0.449219 0.121094 0.312500
1 0.517578 0.544922 0.121094 0.253906
1 0.664062 0.714844 0.023438 0.195312
1 0.707031 0.435547 0.132812 0.175781
1 0.705078 0.628906 0.199219 0.164062
1 0.437500 0.615234 0.156250 0.285156
1 0.558594 0.796875 0.187500 0.250000
1 0.310547 0.748047 0.128906 0.191406
1 0.173828 0.835938 0.183594 0.132812
1 0.306641 0.943359 0.253906 0.105469
1 0.433594 0.837891 0.179688 0.128906
1 0.093750 0.935547 0.179688 0.121094
1 0.201172 0.751953 0.144531 0.082031
1 0.347656 0.632812 0.140625 0.093750
1 0.574219 0.400391 0.140625 0.097656
1 0.662109 0.253906 0.105469 0.101562
1 0.685547 0.777344 0.121094 0.156250
1 0.710938 0.095703 0.062500 0.058594
