2 0.681641 0.740234 0.097656 0.097656
2 0.761719 0.744141 0.101562 0.066406
2 0.904297 0.876953 0.183594 0.246094
2 0.341797 0.812500 0.058594 0.125000
2 0.386719 0.794922 0.070312 0.082031
2 0.294922 0.826172 0.074219 0.113281
2 0.839844 0.328125 0.093750 0.031250
2 0.648438 0.398438 0.046875 0.031250
2 0.525391 0.480469 0.058594 0.054688
2 0.185547 0.492188 0.089844 0.093750
2 0.589844 0.328125 0.046875 0.015625
2 0.664062 0.875000 0.148438 0.093750
2 0.347656 0.601562 0.156250 0.078125
2 0.078125 0.541016 0.117188 0.082031
2 0.427734 0.509766 0.121094 0.050781
