1 0.294922 0.552734 0.222656 0.269531
1 0.515625 0.541016 0.234375 0.269531
1 0.718750 0.531250 0.187500 0.218750
1 0.144531 0.625000 0.093750 0.062500
1 0.244141 0.716797 0.058594 0.050781
1 0.826172 0.500000 0.082031 0.093750
1 0.652344 0.681641 0.117188 0.066406
1 0.796875 0.638672 0.109375 0.066406
1 0.070312 0.634766 0.117188 0.082031
1 0.167969 0.562500 0.070312 0.078125
1 0.214844 0.718750 0.085938 0.078125
1 0.748047 0.435547 0.105469 0.058594
1 0.296875 0.699219 0.062500 0.062500
1 0.835938 0.589844 0.062500 0.109375
