2 0.515625 0.373047 0.250000 0.363281
2 0.689453 0.341797 0.105469 0.355469
2 0.310547 0.750000 0.246094 0.406250
2 0.494141 0.671875 0.113281 0.218750
2 0.140625 0.814453 0.156250 0.347656
2 0.328125 0.455078 0.187500 0.175781
2 0.578125 0.621094 0.156250 0.187500
2 0.173828 0.542969 0.199219 0.257812
2 0.390625 0.367188 0.140625 0.125000
2 0.728516 0.947266 0.230469 0.097656
2 0.451172 0.869141 0.113281 0.238281
2 0.314453 0.947266 0.207031 0.105469
2 0.689453 0.591797 0.089844 0.105469
2 0.533203 0.761719 0.097656 0.125000
2 0.089844 0.111328 0.171875 0.214844
2 0.375000 0.236328 0.093750 0.136719
2 0.250000 0.199219 0.156250 0.109375
2 0.751953 0.230469 0.089844 0.187500
