2 0.406250 0.416016 0.109375 0.128906
2 0.500000 0.439453 0.093750 0.082031
2 0.580078 0.498047 0.066406 0.097656
2 0.654297 0.531250 0.066406 0.078125
2 0.728516 0.548828 0.082031 0.066406
2 0.689453 0.375000 0.199219 0.062500
2 0.455078 0.513672 0.175781 0.089844
2 0.449219 0.349609 0.156250 0.097656
2 0.578125 0.365234 0.085938 0.066406
2 0.664062 0.453125 0.234375 0.117188
2 0.820312 0.394531 0.085938 0.093750
2 0.773438 0.562500 0.101562 0.085938
2 0.677734 0.345703 0.128906 0.082031
2 0.916016 0.410156 0.113281 0.093750
2 0.392578 0.410156 0.121094 0.210938
2 0.341797 0.726562 0.144531 0.109375
2 0.503906 0.746094 0.179688 0.125000
2 0.628906 0.777344 0.125000 0.109375
