2 0.687500 0.265625 0.093750 0.179688
2 0.736328 0.328125 0.082031 0.234375
2 0.804688 0.371094 0.054688 0.148438
2 0.734375 0.121094 0.171875 0.156250
2 0.656250 0.451172 0.054688 0.175781
2 0.724609 0.462891 0.121094 0.105469
2 0.595703 0.468750 0.058594 0.125000
2 0.664062 0.234375 0.117188 0.093750
2 0.421875 0.562500 0.093750 0.218750
2 0.457031 0.550781 0.085938 0.179688
2 0.519531 0.542969 0.070312 0.164062
2 0.291016 0.687500 0.191406 0.203125
2 0.347656 0.529297 0.171875 0.128906
2 0.261719 0.597656 0.093750 0.101562
2 0.119141 0.732422 0.230469 0.230469
2 0.322266 0.777344 0.074219 0.085938
2 0.375000 0.679688 0.078125 0.093750
2 0.830078 0.287109 0.089844 0.214844
2 0.929688 0.234375 0.125000 0.273438
