2 0.500000 0.390625 0.109375 0.062500
2 0.605469 0.400391 0.078125 0.097656
2 0.326172 0.587891 0.121094 0.105469
2 0.419922 0.587891 0.074219 0.066406
2 0.267578 0.533203 0.089844 0.089844
2 0.781250 0.472656 0.093750 0.101562
2 0.220703 0.542969 0.066406 0.054688
2 0.453125 0.511719 0.093750 0.054688
2 0.500000 0.566406 0.093750 0.046875
2 0.267578 0.603516 0.066406 0.050781
2 0.359375 0.359375 0.156250 0.062500
2 0.671875 0.386719 0.062500 0.078125
2 0.525391 0.423828 0.113281 0.042969
2 0.652344 0.111328 0.125000 0.042969
2 0.824219 0.546875 0.101562 0.046875
