1 0.451172 0.429688 0.316406 0.179688
1 0.214844 0.453125 0.218750 0.203125
1 0.056641 0.447266 0.105469 0.183594
1 0.500000 0.640625 0.218750 0.218750
1 0.341797 0.578125 0.105469 0.109375
1 0.234375 0.732422 0.093750 0.214844
1 0.312500 0.734375 0.046875 0.187500
1 0.384766 0.765625 0.191406 0.078125
1 0.685547 0.683594 0.152344 0.140625
1 0.593750 0.388672 0.093750 0.074219
1 0.095703 0.775391 0.183594 0.238281
1 0.812500 0.687500 0.109375 0.125000
1 0.935547 0.699219 0.121094 0.109375
1 0.937500 0.234375 0.109375 0.109375
1 0.390625 0.050781 0.257812 0.093750
1 0.136719 0.062500 0.250000 0.109375
1 0.123047 0.341797 0.191406 0.113281
