2 0.574219 0.417969 0.156250 0.281250
2 0.714844 0.517578 0.117188 0.371094
2 0.847656 0.519531 0.125000 0.257812
2 0.865234 0.701172 0.144531 0.105469
2 0.679688 0.332031 0.101562 0.101562
2 0.804688 0.371094 0.093750 0.078125
2 0.437500 0.378906 0.109375 0.242188
2 0.314453 0.369141 0.152344 0.238281
2 0.326172 0.533203 0.121094 0.105469
2 0.726562 0.726562 0.140625 0.054688
2 0.125000 0.406250 0.242188 0.203125
2 0.187500 0.292969 0.109375 0.039062
2 0.136719 0.570312 0.265625 0.109375
2 0.291016 0.583984 0.113281 0.082031
2 0.671875 0.626953 0.179688 0.160156
2 0.486328 0.517578 0.074219 0.074219
