1 0.455078 0.376953 0.074219 0.222656
1 0.527344 0.439453 0.062500 0.277344
1 0.587891 0.531250 0.058594 0.250000
1 0.650391 0.533203 0.066406 0.214844
1 0.714844 0.546875 0.054688 0.195312
1 0.761719 0.560547 0.039062 0.183594
1 0.804688 0.562500 0.046875 0.140625
1 0.785156 0.560547 0.148438 0.097656
1 0.814453 0.542969 0.144531 0.109375
1 0.500000 0.503906 0.125000 0.109375
1 0.585938 0.560547 0.117188 0.089844
1 0.390625 0.357422 0.046875 0.074219
1 0.292969 0.349609 0.085938 0.066406
1 0.960938 0.609375 0.070312 0.046875
