2 0.556641 0.593750 0.128906 0.093750
2 0.642578 0.656250 0.082031 0.156250
2 0.593750 0.716797 0.046875 0.136719
2 0.500000 0.779297 0.140625 0.066406
2 0.355469 0.376953 0.085938 0.199219
2 0.250000 0.417969 0.156250 0.109375
2 0.421875 0.416016 0.031250 0.097656
2 0.500000 0.453125 0.109375 0.062500
2 0.509766 0.218750 0.042969 0.078125
2 0.578125 0.183594 0.093750 0.039062
2 0.449219 0.242188 0.070312 0.039062
2 0.689453 0.171875 0.058594 0.015625
2 0.353516 0.210938 0.089844 0.062500
2 0.468750 0.359375 0.062500 0.046875
2 0.273438 0.140625 0.109375 0.062500
2 0.373047 0.152344 0.097656 0.046875
2 0.230469 0.228516 0.078125 0.058594
2 0.687500 0.671875 0.062500 0.109375
2 0.515625 0.810547 0.062500 0.058594
2 0.281250 0.345703 0.109375 0.058594
2 0.703125 0.269531 0.039062 0.062500
