1 0.390625 0.468750 0.218750 0.078125
1 0.578125 0.460938 0.140625 0.085938
1 0.746094 0.392578 0.171875 0.074219
1 0.707031 0.425781 0.117188 0.101562
1 0.615234 0.419922 0.121094 0.066406
1 0.812500 0.671875 0.062500 0.140625
1 0.873047 0.595703 0.128906 0.066406
1 0.679688 0.736328 0.085938 0.152344
1 0.732422 0.763672 0.167969 0.066406
1 0.919922 0.609375 0.089844 0.109375
1 0.783203 0.671875 0.105469 0.140625
1 0.621094 0.812500 0.101562 0.140625
1 0.859375 0.669922 0.140625 0.121094
1 0.416016 0.326172 0.253906 0.089844
1 0.921875 0.134766 0.140625 0.050781
1 0.273438 0.468750 0.093750 0.062500
1 0.955078 0.466797 0.089844 0.058594
1 0.712891 0.816406 0.105469 0.093750
