1 0.390625 0.654297 0.078125 0.253906
1 0.703125 0.625000 0.187500 0.250000
1 0.781250 0.437500 0.093750 0.203125
1 0.718750 0.763672 0.156250 0.128906
1 0.734375 0.773438 0.109375 0.218750
1 0.593750 0.435547 0.062500 0.144531
1 0.451172 0.654297 0.027344 0.238281
1 0.378906 0.681641 0.109375 0.199219
1 0.386719 0.763672 0.093750 0.128906
1 0.937500 0.861328 0.109375 0.277344
1 0.416016 0.587891 0.074219 0.191406
1 0.089844 0.421875 0.171875 0.265625
1 0.791016 0.289062 0.082031 0.140625
1 0.652344 0.654297 0.195312 0.167969
