1 0.375000 0.435547 0.406250 0.371094
1 0.654297 0.511719 0.238281 0.367188
1 0.560547 0.177734 0.144531 0.113281
1 0.460938 0.687500 0.273438 0.140625
1 0.822266 0.531250 0.089844 0.265625
1 0.353516 0.216797 0.167969 0.066406
1 0.617188 0.259766 0.195312 0.152344
1 0.283203 0.652344 0.152344 0.085938
1 0.246094 0.236328 0.085938 0.074219
1 0.523438 0.234375 0.171875 0.093750
1 0.158203 0.515625 0.089844 0.156250
1 0.876953 0.546875 0.089844 0.242188
1 0.937500 0.546875 0.117188 0.171875
1 0.462891 0.740234 0.269531 0.152344
1 0.718750 0.687500 0.234375 0.078125
1 0.626953 0.142578 0.136719 0.097656
