2 0.529297 0.517578 0.628906 0.386719
2 0.687500 0.765625 0.140625 0.109375
2 0.185547 0.685547 0.175781 0.183594
2 0.714844 0.296875 0.148438 0.062500
2 0.572266 0.285156 0.183594 0.101562
2 0.382812 0.291016 0.164062 0.066406
2 0.226562 0.253906 0.125000 0.062500
2 0.048828 0.333984 0.089844 0.136719
2 0.162109 0.482422 0.097656 0.214844
2 0.054688 0.583984 0.101562 0.363281
2 0.869141 0.468750 0.082031 0.296875
2 0.316406 0.750000 0.210938 0.062500
2 0.490234 0.683594 0.285156 0.234375
2 0.759766 0.695312 0.167969 0.148438
