2 0.734375 0.492188 0.281250 0.382812
2 0.376953 0.435547 0.363281 0.394531
2 0.435547 0.169922 0.121094 0.128906
2 0.664062 0.228516 0.296875 0.238281
2 0.384766 0.279297 0.199219 0.222656
2 0.320312 0.277344 0.140625 0.164062
2 0.927734 0.515625 0.144531 0.304688
2 0.570312 0.542969 0.164062 0.398438
2 0.197266 0.484375 0.160156 0.312500
2 0.427734 0.609375 0.207031 0.242188
2 0.117188 0.578125 0.125000 0.179688
2 0.355469 0.650391 0.187500 0.105469
2 0.408203 0.193359 0.121094 0.105469
2 0.685547 0.669922 0.144531 0.113281
