2 0.169922 0.125000 0.128906 0.093750
2 0.201172 0.220703 0.082031 0.097656
2 0.294922 0.316406 0.105469 0.218750
2 0.361328 0.382812 0.097656 0.265625
2 0.451172 0.490234 0.144531 0.316406
2 0.562500 0.419922 0.164062 0.097656
2 0.535156 0.625000 0.070312 0.343750
2 0.617188 0.671875 0.125000 0.335938
2 0.710938 0.687500 0.140625 0.164062
2 0.494141 0.689453 0.066406 0.089844
2 0.324219 0.453125 0.062500 0.046875
2 0.212891 0.273438 0.058594 0.093750
2 0.853516 0.720703 0.136719 0.136719
2 0.964844 0.822266 0.070312 0.160156
2 0.687500 0.855469 0.085938 0.093750
2 0.474609 0.648438 0.121094 0.078125
