1 0.462891 0.595703 0.332031 0.097656
1 0.265625 0.687500 0.062500 0.203125
1 0.183594 0.666016 0.085938 0.097656
1 0.210938 0.763672 0.031250 0.089844
1 0.216797 0.746094 0.113281 0.101562
1 0.296875 0.730469 0.109375 0.218750
1 0.408203 0.718750 0.128906 0.218750
1 0.529297 0.750000 0.097656 0.171875
1 0.640625 0.750000 0.109375 0.156250
1 0.812500 0.623047 0.375000 0.027344
1 0.701172 0.578125 0.121094 0.125000
1 0.699219 0.712891 0.140625 0.089844
1 0.812500 0.734375 0.093750 0.062500
1 0.742188 0.792969 0.179688 0.085938
1 0.822266 0.572266 0.089844 0.082031
1 0.847656 0.671875 0.281250 0.093750
1 0.484375 0.339844 0.109375 0.062500
1 0.578125 0.347656 0.093750 0.046875
1 0.546875 0.421875 0.164062 0.046875
1 0.687500 0.447266 0.093750 0.042969
1 0.810547 0.345703 0.269531 0.058594
1 0.966797 0.351562 0.050781 0.031250
1 0.648438 0.357422 0.031250 0.027344
1 0.449219 0.421875 0.039062 0.031250
1 0.109375 0.765625 0.125000 0.062500
