2 0.400391 0.484375 0.253906 0.125000
2 0.625000 0.589844 0.203125 0.281250
2 0.775391 0.589844 0.222656 0.304688
2 0.939453 0.568359 0.121094 0.261719
2 0.404297 0.574219 0.222656 0.117188
2 0.494141 0.214844 0.230469 0.078125
2 0.701172 0.166016 0.097656 0.097656
2 0.875000 0.134766 0.250000 0.082031
2 0.343750 0.230469 0.062500 0.054688
2 0.103516 0.291016 0.058594 0.035156
2 0.291016 0.494141 0.089844 0.058594
2 0.472656 0.673828 0.148438 0.121094
2 0.621094 0.203125 0.101562 0.109375
2 0.794922 0.107422 0.058594 0.082031
2 0.919922 0.095703 0.089844 0.074219
2 0.734375 0.111328 0.078125 0.066406
2 0.181641 0.267578 0.097656 0.035156
