1 0.554688 0.466797 0.070312 0.128906
1 0.640625 0.455078 0.109375 0.097656
1 0.722656 0.466797 0.039062 0.089844
1 0.775391 0.468750 0.042969 0.078125
1 0.812500 0.466797 0.031250 0.066406
1 0.871094 0.462891 0.070312 0.042969
1 0.937500 0.451172 0.093750 0.035156
1 0.486328 0.466797 0.058594 0.121094
1 0.423828 0.482422 0.066406 0.097656
1 0.343750 0.484375 0.078125 0.109375
1 0.261719 0.492188 0.093750 0.117188
1 0.185547 0.501953 0.050781 0.105469
1 0.126953 0.515625 0.058594 0.093750
1 0.119141 0.507812 0.113281 0.062500
1 0.095703 0.437500 0.074219 0.046875
1 0.029297 0.451172 0.035156 0.027344
1 0.080078 0.564453 0.027344 0.035156
1 0.035156 0.564453 0.062500 0.050781
1 0.619141 0.359375 0.050781 0.031250
1 0.710938 0.361328 0.078125 0.074219
