1 0.599609 0.519531 0.457031 0.203125
1 0.611328 0.687500 0.332031 0.125000
1 0.562500 0.785156 0.132812 0.062500
1 0.667969 0.783203 0.070312 0.058594
1 0.794922 0.662109 0.035156 0.058594
1 0.414062 0.642578 0.062500 0.035156
1 0.425781 0.685547 0.039062 0.042969
1 0.580078 0.318359 0.160156 0.207031
1 0.701172 0.343750 0.082031 0.156250
1 0.457031 0.355469 0.085938 0.125000
1 0.478516 0.267578 0.035156 0.050781
1 0.681641 0.250000 0.042969 0.039062
1 0.759766 0.361328 0.042969 0.113281
1 0.792969 0.386719 0.023438 0.062500
1 0.398438 0.384766 0.031250 0.074219
