1 0.419922 0.433594 0.214844 0.179688
1 0.566406 0.470703 0.148438 0.222656
1 0.679688 0.503906 0.085938 0.218750
1 0.306641 0.355469 0.121094 0.140625
1 0.392578 0.501953 0.152344 0.066406
1 0.462891 0.523438 0.128906 0.085938
1 0.736328 0.542969 0.066406 0.171875
1 0.935547 0.775391 0.128906 0.105469
1 0.228516 0.312500 0.082031 0.046875
1 0.078125 0.128906 0.148438 0.109375
1 0.798828 0.605469 0.082031 0.117188
1 0.060547 0.906250 0.113281 0.171875
1 0.410156 0.353516 0.117188 0.089844
1 0.367188 0.523438 0.070312 0.070312
