2 0.259766 0.443359 0.144531 0.207031
2 0.330078 0.781250 0.175781 0.312500
2 0.494141 0.671875 0.136719 0.359375
2 0.410156 0.582031 0.195312 0.093750
2 0.626953 0.498047 0.128906 0.238281
2 0.740234 0.443359 0.167969 0.144531
2 0.623047 0.687500 0.144531 0.132812
2 0.234375 0.800781 0.156250 0.273438
2 0.851562 0.375000 0.125000 0.101562
2 0.556641 0.478516 0.121094 0.089844
2 0.923828 0.318359 0.105469 0.113281
2 0.968750 0.265625 0.062500 0.093750
2 0.125000 0.882812 0.234375 0.226562
2 0.361328 0.394531 0.082031 0.164062
2 0.156250 0.492188 0.140625 0.203125
