2 0.640625 0.214844 0.312500 0.250000
2 0.478516 0.480469 0.277344 0.218750
2 0.232422 0.636719 0.183594 0.242188
2 0.468750 0.750000 0.296875 0.328125
2 0.263672 0.873047 0.121094 0.222656
2 0.666016 0.400391 0.097656 0.113281
2 0.509766 0.337891 0.246094 0.113281
2 0.326172 0.500000 0.144531 0.156250
2 0.154297 0.876953 0.097656 0.238281
2 0.423828 0.902344 0.253906 0.164062
2 0.609375 0.482422 0.125000 0.191406
2 0.142578 0.658203 0.121094 0.191406
2 0.671875 0.107422 0.187500 0.082031
2 0.722656 0.369141 0.078125 0.113281
2 0.611328 0.580078 0.089844 0.113281
2 0.666016 0.480469 0.082031 0.125000
