2 0.341797 0.685547 0.332031 0.207031
2 0.490234 0.595703 0.566406 0.121094
2 0.591797 0.439453 0.144531 0.191406
2 0.785156 0.453125 0.250000 0.156250
2 0.439453 0.480469 0.144531 0.125000
2 0.837891 0.611328 0.128906 0.152344
2 0.638672 0.656250 0.261719 0.125000
2 0.583984 0.722656 0.230469 0.101562
2 0.828125 0.343750 0.140625 0.062500
2 0.951172 0.359375 0.097656 0.093750
2 0.775391 0.166016 0.167969 0.191406
2 0.923828 0.142578 0.136719 0.136719
2 0.626953 0.035156 0.183594 0.062500
2 0.693359 0.074219 0.191406 0.093750
2 0.955078 0.291016 0.082031 0.144531
2 0.714844 0.265625 0.140625 0.273438
2 0.378906 0.492188 0.179688 0.101562
2 0.533203 0.423828 0.152344 0.074219
2 0.341797 0.203125 0.097656 0.093750
2 0.361328 0.785156 0.199219 0.109375
