2 0.626953 0.400391 0.074219 0.050781
2 0.667969 0.529297 0.046875 0.066406
2 0.720703 0.515625 0.050781 0.070312
2 0.765625 0.498047 0.031250 0.066406
2 0.804688 0.476562 0.031250 0.031250
2 0.855469 0.480469 0.054688 0.031250
2 0.869141 0.474609 0.074219 0.042969
2 0.609375 0.527344 0.046875 0.031250
2 0.548828 0.531250 0.066406 0.031250
2 0.519531 0.542969 0.070312 0.039062
2 0.451172 0.855469 0.097656 0.265625
2 0.531250 0.734375 0.062500 0.062500
2 0.603516 0.705078 0.066406 0.113281
2 0.671875 0.699219 0.078125 0.109375
2 0.734375 0.689453 0.062500 0.152344
2 0.753906 0.642578 0.093750 0.058594
2 0.802734 0.710938 0.089844 0.093750
2 0.701172 0.738281 0.121094 0.101562
2 0.599609 0.748047 0.066406 0.089844
2 0.947266 0.878906 0.105469 0.093750
2 0.513672 0.691406 0.121094 0.070312
2 0.355469 0.878906 0.093750 0.226562
2 0.251953 0.892578 0.097656 0.214844
2 0.105469 0.904297 0.203125 0.183594
2 0.498047 0.779297 0.144531 0.152344
2 0.500000 0.898438 0.125000 0.203125
