2 0.654297 0.562500 0.121094 0.125000
2 0.746094 0.546875 0.054688 0.109375
2 0.796875 0.546875 0.031250 0.078125
2 0.837891 0.562500 0.027344 0.046875
2 0.531250 0.623047 0.109375 0.097656
2 0.652344 0.617188 0.117188 0.078125
2 0.326172 0.638672 0.136719 0.105469
2 0.460938 0.628906 0.148438 0.109375
2 0.273438 0.667969 0.085938 0.101562
2 0.203125 0.697266 0.031250 0.082031
2 0.218750 0.687500 0.109375 0.054688
2 0.460938 0.375000 0.062500 0.031250
2 0.500000 0.406250 0.031250 0.062500
2 0.531250 0.421875 0.031250 0.046875
2 0.576172 0.435547 0.050781 0.035156
2 0.294922 0.375000 0.152344 0.031250
2 0.072266 0.419922 0.136719 0.050781
2 0.031250 0.734375 0.015625 0.031250
2 0.656250 0.484375 0.015625 0.031250
2 0.677734 0.505859 0.050781 0.105469
2 0.542969 0.541016 0.039062 0.019531
2 0.482422 0.541016 0.042969 0.019531
2 0.408203 0.542969 0.035156 0.023438
2 0.859375 0.562500 0.031250 0.031250
2 0.574219 0.482422 0.031250 0.019531
