2 0.296875 0.386719 0.078125 0.046875
2 0.300781 0.382812 0.140625 0.039062
2 0.441406 0.484375 0.132812 0.125000
2 0.531250 0.484375 0.039062 0.109375
2 0.566406 0.490234 0.101562 0.082031
2 0.357422 0.501953 0.035156 0.066406
2 0.324219 0.501953 0.023438 0.019531
2 0.511719 0.339844 0.078125 0.039062
2 0.566406 0.339844 0.031250 0.031250
2 0.603516 0.326172 0.027344 0.035156
2 0.453125 0.332031 0.039062 0.039062
2 0.656250 0.419922 0.085938 0.050781
2 0.425781 0.666016 0.117188 0.050781
2 0.527344 0.683594 0.085938 0.062500
2 0.591797 0.701172 0.042969 0.066406
2 0.693359 0.798828 0.105469 0.066406
2 0.763672 0.632812 0.191406 0.093750
2 0.884766 0.839844 0.050781 0.054688
2 0.921875 0.869141 0.062500 0.082031
2 0.851562 0.472656 0.078125 0.046875
