2 0.566406 0.330078 0.226562 0.238281
2 0.406250 0.501953 0.078125 0.378906
2 0.328125 0.562500 0.093750 0.375000
2 0.250000 0.625000 0.062500 0.312500
2 0.291016 0.791016 0.128906 0.207031
2 0.246094 0.847656 0.062500 0.140625
2 0.244141 0.623047 0.097656 0.214844
2 0.681641 0.628906 0.214844 0.093750
2 0.656250 0.511719 0.078125 0.156250
2 0.410156 0.515625 0.187500 0.265625
2 0.541016 0.613281 0.066406 0.101562
2 0.542969 0.166016 0.093750 0.097656
2 0.515625 0.214844 0.093750 0.132812
2 0.687500 0.363281 0.078125 0.164062
2 0.732422 0.578125 0.082031 0.265625
2 0.609375 0.687500 0.140625 0.062500
2 0.398438 0.697266 0.156250 0.113281
2 0.580078 0.037109 0.121094 0.066406
