2 0.375000 0.484375 0.125000 0.203125
2 0.523438 0.492188 0.085938 0.179688
2 0.691406 0.593750 0.109375 0.062500
2 0.734375 0.542969 0.093750 0.046875
2 0.703125 0.742188 0.125000 0.062500
2 0.267578 0.517578 0.089844 0.058594
2 0.556641 0.615234 0.113281 0.074219
2 0.636719 0.697266 0.109375 0.121094
2 0.798828 0.744141 0.136719 0.128906
2 0.320312 0.421875 0.070312 0.062500
2 0.296875 0.556641 0.093750 0.074219
2 0.474609 0.474609 0.105469 0.214844
2 0.634766 0.394531 0.089844 0.062500
2 0.783203 0.546875 0.082031 0.054688
2 0.572266 0.476562 0.058594 0.085938
