2 0.494141 0.462891 0.089844 0.128906
2 0.595703 0.433594 0.121094 0.046875
2 0.576172 0.486328 0.082031 0.058594
2 0.609375 0.400391 0.062500 0.019531
2 0.406250 0.468750 0.062500 0.109375
2 0.759766 0.234375 0.050781 0.093750
2 0.796875 0.220703 0.046875 0.058594
2 0.296875 0.587891 0.109375 0.058594
2 0.197266 0.279297 0.058594 0.066406
2 0.248047 0.388672 0.128906 0.082031
2 0.156250 0.429688 0.109375 0.085938
2 0.398438 0.361328 0.140625 0.160156
2 0.343750 0.482422 0.156250 0.136719
2 0.730469 0.246094 0.062500 0.078125
2 0.259766 0.628906 0.097656 0.070312
