2 0.330078 0.419922 0.214844 0.332031
2 0.621094 0.451172 0.343750 0.214844
2 0.847656 0.421875 0.101562 0.171875
2 0.048828 0.470703 0.089844 0.246094
2 0.046875 0.433594 0.085938 0.062500
2 0.041016 0.535156 0.074219 0.078125
2 0.722656 0.208984 0.179688 0.097656
2 0.894531 0.208984 0.195312 0.136719
2 0.552734 0.240234 0.175781 0.066406
2 0.513672 0.917969 0.160156 0.164062
2 0.578125 0.880859 0.093750 0.089844
2 0.351562 0.943359 0.156250 0.058594
2 0.878906 0.363281 0.171875 0.179688
2 0.707031 0.371094 0.218750 0.117188
2 0.093750 0.126953 0.179688 0.089844
2 0.105469 0.082031 0.078125 0.046875
2 0.380859 0.066406 0.105469 0.039062
2 0.763672 0.167969 0.128906 0.078125
2 0.539062 0.593750 0.132812 0.101562
