1 0.431641 0.732422 0.269531 0.214844
1 0.566406 0.716797 0.109375 0.175781
1 0.302734 0.744141 0.160156 0.183594
1 0.234375 0.761719 0.140625 0.101562
1 0.449219 0.642578 0.117188 0.097656
1 0.666016 0.472656 0.128906 0.039062
1 0.753906 0.529297 0.179688 0.058594
1 0.783203 0.503906 0.105469 0.046875
1 0.681641 0.468750 0.089844 0.062500
1 0.789062 0.562500 0.101562 0.054688
1 0.783203 0.656250 0.121094 0.070312
1 0.322266 0.843750 0.160156 0.062500
1 0.654297 0.750000 0.113281 0.078125
1 0.847656 0.537109 0.070312 0.058594
