2 0.953125 0.417969 0.093750 0.187500
2 0.873047 0.468750 0.058594 0.062500
2 0.421875 0.367188 0.093750 0.062500
2 0.513672 0.330078 0.097656 0.128906
2 0.326172 0.681641 0.183594 0.136719
2 0.671875 0.703125 0.187500 0.078125
2 0.531250 0.734375 0.078125 0.062500
2 0.417969 0.246094 0.273438 0.070312
2 0.328125 0.314453 0.093750 0.089844
2 0.378906 0.408203 0.179688 0.097656
2 0.236328 0.605469 0.105469 0.148438
2 0.480469 0.580078 0.093750 0.144531
2 0.468750 0.689453 0.218750 0.214844
2 0.689453 0.625000 0.222656 0.109375
2 0.578125 0.324219 0.156250 0.085938
2 0.072266 0.169922 0.121094 0.089844
2 0.183594 0.462891 0.226562 0.144531
2 0.214844 0.250000 0.187500 0.078125
2 0.105469 0.248047 0.078125 0.066406
2 0.763672 0.437500 0.144531 0.078125
2 0.597656 0.585938 0.140625 0.070312
2 0.388672 0.531250 0.175781 0.156250
2 0.876953 0.359375 0.113281 0.156250
2 0.890625 0.750000 0.125000 0.093750
2 0.916016 0.843750 0.167969 0.109375
2 0.535156 0.199219 0.148438 0.164062
2 0.748047 0.324219 0.175781 0.093750
2 0.765625 0.388672 0.156250 0.089844
2 0.273438 0.292969 0.109375 0.078125
2 0.525391 0.470703 0.082031 0.144531
2 0.250000 0.125000 0.234375 0.156250
2 0.482422 0.037109 0.152344 0.066406
