1 0.460938 0.531250 0.203125 0.257812
1 0.603516 0.615234 0.167969 0.128906
1 0.703125 0.410156 0.078125 0.210938
1 0.507812 0.408203 0.164062 0.160156
1 0.353516 0.603516 0.105469 0.082031
1 0.466797 0.685547 0.128906 0.105469
1 0.759766 0.292969 0.113281 0.078125
1 0.503906 0.130859 0.117188 0.097656
1 0.611328 0.164062 0.097656 0.054688
1 0.789062 0.093750 0.085938 0.062500
1 0.656250 0.521484 0.140625 0.136719
1 0.630859 0.337891 0.113281 0.097656
1 0.515625 0.343750 0.101562 0.062500
1 0.421875 0.419922 0.085938 0.113281
1 0.257812 0.648438 0.070312 0.062500
1 0.750000 0.357422 0.062500 0.121094
1 0.830078 0.277344 0.042969 0.085938
1 0.837891 0.197266 0.058594 0.074219
1 0.943359 0.042969 0.074219 0.078125
