2 0.593750 0.531250 0.109375 0.265625
2 0.500000 0.529297 0.125000 0.191406
2 0.384766 0.544922 0.105469 0.121094
2 0.648438 0.455078 0.140625 0.183594
2 0.283203 0.531250 0.105469 0.078125
2 0.658203 0.562500 0.066406 0.140625
2 0.587891 0.701172 0.089844 0.160156
2 0.712891 0.353516 0.074219 0.097656
2 0.746094 0.218750 0.070312 0.109375
2 0.523438 0.814453 0.117188 0.144531
2 0.398438 0.853516 0.132812 0.160156
2 0.267578 0.962891 0.355469 0.074219
2 0.345703 0.873047 0.121094 0.097656
2 0.025391 0.908203 0.042969 0.152344
2 0.214844 0.750000 0.101562 0.062500
2 0.798828 0.044922 0.113281 0.082031
2 0.792969 0.136719 0.062500 0.093750
2 0.525391 0.638672 0.058594 0.082031
