2 0.402344 0.750000 0.218750 0.140625
2 0.312500 0.353516 0.234375 0.074219
2 0.345703 0.460938 0.292969 0.054688
2 0.583984 0.732422 0.097656 0.082031
2 0.912109 0.783203 0.144531 0.105469
2 0.437500 0.638672 0.125000 0.074219
2 0.529297 0.572266 0.105469 0.042969
2 0.654297 0.562500 0.105469 0.046875
2 0.542969 0.478516 0.085938 0.050781
2 0.191406 0.785156 0.179688 0.085938
2 0.349609 0.675781 0.113281 0.093750
2 0.666016 0.716797 0.066406 0.058594
2 0.152344 0.369141 0.101562 0.066406
2 0.478516 0.419922 0.089844 0.097656
