2 0.384766 0.515625 0.113281 0.171875
2 0.484375 0.544922 0.093750 0.167969
2 0.591797 0.544922 0.097656 0.160156
2 0.669922 0.525391 0.050781 0.089844
2 0.716797 0.515625 0.035156 0.078125
2 0.761719 0.515625 0.031250 0.046875
2 0.312500 0.529297 0.031250 0.121094
2 0.828125 0.796875 0.328125 0.296875
2 0.843750 0.685547 0.265625 0.128906
2 0.673828 0.787109 0.144531 0.277344
2 0.875000 0.919922 0.234375 0.152344
2 0.953125 0.484375 0.093750 0.062500
2 0.859375 0.468750 0.078125 0.046875
2 0.605469 0.863281 0.140625 0.101562
