2 0.566406 0.402344 0.125000 0.257812
2 0.710938 0.326172 0.148438 0.136719
2 0.781250 0.248047 0.140625 0.019531
2 0.875000 0.267578 0.046875 0.097656
2 0.814453 0.294922 0.058594 0.066406
2 0.951172 0.230469 0.089844 0.046875
2 0.976562 0.244141 0.046875 0.074219
2 0.902344 0.263672 0.085938 0.066406
2 0.437500 0.339844 0.140625 0.085938
2 0.488281 0.404297 0.031250 0.027344
2 0.462891 0.529297 0.097656 0.050781
2 0.539062 0.601562 0.054688 0.218750
2 0.591797 0.634766 0.042969 0.097656
2 0.593750 0.621094 0.078125 0.070312
2 0.435547 0.650391 0.144531 0.128906
2 0.222656 0.484375 0.242188 0.062500
2 0.261719 0.337891 0.085938 0.066406
2 0.150391 0.292969 0.066406 0.039062
2 0.898438 0.431641 0.203125 0.128906
2 0.921875 0.355469 0.078125 0.023438
2 0.757812 0.443359 0.078125 0.097656
2 0.646484 0.449219 0.128906 0.109375
