2 0.484375 0.695312 0.125000 0.171875
2 0.617188 0.591797 0.171875 0.128906
2 0.480469 0.468750 0.218750 0.171875
2 0.687500 0.417969 0.078125 0.218750
2 0.763672 0.328125 0.058594 0.125000
2 0.498047 0.136719 0.097656 0.093750
2 0.511719 0.351562 0.140625 0.085938
2 0.390625 0.609375 0.078125 0.109375
2 0.298828 0.619141 0.113281 0.058594
2 0.792969 0.277344 0.109375 0.085938
2 0.650391 0.166016 0.191406 0.050781
2 0.787109 0.093750 0.082031 0.054688
2 0.839844 0.191406 0.085938 0.085938
2 0.650391 0.306641 0.167969 0.066406
2 0.734375 0.431641 0.054688 0.136719
2 0.501953 0.791016 0.128906 0.082031
2 0.623047 0.666016 0.058594 0.089844
