2 0.220703 0.875000 0.167969 0.062500
2 0.095703 0.890625 0.066406 0.031250
2 0.812500 0.017578 0.062500 0.027344
2 0.025391 0.599609 0.042969 0.066406
2 0.046875 0.601562 0.062500 0.039062
2 0.548828 0.359375 0.042969 0.031250
2 0.476562 0.349609 0.078125 0.042969
2 0.603516 0.392578 0.050781 0.089844
2 0.666016 0.390625 0.066406 0.046875
2 0.736328 0.378906 0.074219 0.031250
2 0.779297 0.373047 0.074219 0.035156
2 0.623047 0.066406 0.066406 0.031250
2 0.500000 0.453125 0.125000 0.031250
2 0.572266 0.402344 0.066406 0.070312
2 0.066406 0.496094 0.054688 0.031250
2 0.314453 0.871094 0.089844 0.046875
2 0.132812 0.822266 0.140625 0.042969
2 0.101562 0.664062 0.078125 0.046875
2 0.056641 0.734375 0.058594 0.054688
2 0.056641 0.873047 0.097656 0.050781
