2 0.732422 0.484375 0.128906 0.203125
2 0.820312 0.496094 0.125000 0.187500
2 0.890625 0.521484 0.125000 0.144531
2 0.972656 0.519531 0.054688 0.125000
2 0.310547 0.496094 0.058594 0.078125
2 0.375000 0.500000 0.062500 0.070312
2 0.431641 0.496094 0.050781 0.054688
2 0.484375 0.468750 0.046875 0.062500
2 0.392578 0.449219 0.097656 0.054688
2 0.187500 0.503906 0.078125 0.031250
2 0.103516 0.523438 0.097656 0.031250
2 0.025391 0.515625 0.042969 0.031250
2 0.033203 0.476562 0.058594 0.031250
2 0.638672 0.500000 0.035156 0.093750
2 0.617188 0.500000 0.093750 0.054688
