2 0.470703 0.343750 0.152344 0.203125
2 0.625000 0.357422 0.140625 0.183594
2 0.330078 0.359375 0.121094 0.156250
2 0.244141 0.365234 0.144531 0.113281
2 0.359375 0.267578 0.078125 0.027344
2 0.765625 0.466797 0.125000 0.371094
2 0.816406 0.460938 0.109375 0.312500
2 0.873047 0.476562 0.105469 0.257812
2 0.625000 0.595703 0.148438 0.300781
2 0.513672 0.701172 0.089844 0.246094
2 0.400391 0.687500 0.128906 0.171875
2 0.279297 0.744141 0.121094 0.214844
2 0.218750 0.732422 0.132812 0.199219
2 0.109375 0.746094 0.101562 0.140625
2 0.392578 0.789062 0.144531 0.125000
2 0.177734 0.369141 0.105469 0.058594
2 0.714844 0.658203 0.101562 0.105469
2 0.121094 0.035156 0.109375 0.062500
2 0.601562 0.248047 0.125000 0.113281
2 0.042969 0.714844 0.078125 0.125000
