2 0.435547 0.531250 0.339844 0.062500
2 0.701172 0.728516 0.183594 0.347656
2 0.876953 0.769531 0.238281 0.429688
2 0.150391 0.564453 0.214844 0.050781
2 0.500000 0.683594 0.234375 0.132812
2 0.230469 0.500000 0.070312 0.062500
2 0.341797 0.658203 0.066406 0.097656
2 0.417969 0.466797 0.195312 0.128906
2 0.666016 0.527344 0.113281 0.054688
2 0.066406 0.189453 0.125000 0.253906
2 0.148438 0.216797 0.109375 0.128906
2 0.902344 0.220703 0.117188 0.042969
2 0.220703 0.234375 0.089844 0.085938
2 0.562500 0.492188 0.156250 0.085938
2 0.328125 0.486328 0.140625 0.097656
2 0.617188 0.277344 0.070312 0.031250
2 0.173828 0.533203 0.128906 0.074219
2 0.080078 0.429688 0.152344 0.062500
2 0.583984 0.775391 0.175781 0.152344
2 0.730469 0.937500 0.164062 0.109375
2 0.458984 0.753906 0.121094 0.093750
2 0.431641 0.576172 0.355469 0.066406
2 0.185547 0.472656 0.074219 0.078125
