2 0.361328 0.517578 0.121094 0.230469
2 0.554688 0.556641 0.101562 0.371094
2 0.593750 0.580078 0.046875 0.144531
2 0.759766 0.462891 0.160156 0.089844
2 0.822266 0.408203 0.082031 0.082031
2 0.525391 0.355469 0.105469 0.031250
2 0.476562 0.535156 0.109375 0.335938
2 0.562500 0.451172 0.054688 0.082031
2 0.302734 0.470703 0.105469 0.089844
2 0.214844 0.511719 0.070312 0.093750
2 0.718750 0.591797 0.078125 0.113281
2 0.126953 0.921875 0.136719 0.125000
2 0.554688 0.324219 0.046875 0.031250
2 0.455078 0.656250 0.160156 0.085938
2 0.636719 0.558594 0.070312 0.078125
2 0.658203 0.703125 0.089844 0.093750
2 0.845703 0.912109 0.136719 0.167969
2 0.750000 0.933594 0.093750 0.132812
2 0.164062 0.861328 0.132812 0.113281
2 0.082031 0.957031 0.125000 0.085938
2 0.142578 0.562500 0.105469 0.062500
2 0.298828 0.542969 0.105469 0.062500
2 0.949219 0.408203 0.046875 0.097656
