1 0.263672 0.423828 0.128906 0.097656
1 0.347656 0.455078 0.046875 0.121094
1 0.285156 0.474609 0.078125 0.066406
1 0.390625 0.578125 0.031250 0.328125
1 0.529297 0.291016 0.175781 0.074219
1 0.037109 0.720703 0.066406 0.121094
1 0.117188 0.683594 0.078125 0.054688
1 0.191406 0.671875 0.070312 0.046875
1 0.275391 0.648438 0.089844 0.031250
1 0.437500 0.597656 0.062500 0.281250
1 0.509766 0.625000 0.074219 0.218750
1 0.566406 0.623047 0.046875 0.160156
1 0.580078 0.619141 0.074219 0.089844
1 0.628906 0.628906 0.070312 0.070312
1 0.460938 0.517578 0.093750 0.082031
1 0.363281 0.660156 0.093750 0.171875
1 0.273438 0.710938 0.085938 0.062500
1 0.658203 0.304688 0.082031 0.085938
1 0.880859 0.417969 0.066406 0.078125
1 0.365234 0.876953 0.128906 0.105469
1 0.951172 0.455078 0.089844 0.050781
1 0.544922 0.250000 0.082031 0.085938
1 0.107422 0.953125 0.191406 0.093750
1 0.425781 0.292969 0.054688 0.078125
1 0.724609 0.330078 0.066406 0.058594
1 0.421875 0.476562 0.046875 0.109375
