1 0.484375 0.384766 0.203125 0.300781
1 0.642578 0.347656 0.105469 0.234375
1 0.765625 0.345703 0.125000 0.058594
1 0.843750 0.300781 0.078125 0.031250
1 0.318359 0.386719 0.105469 0.132812
1 0.318359 0.564453 0.105469 0.261719
1 0.464844 0.626953 0.195312 0.175781
1 0.654297 0.625000 0.183594 0.140625
1 0.798828 0.650391 0.121094 0.097656
1 0.617188 0.744141 0.265625 0.082031
1 0.232422 0.603516 0.074219 0.089844
1 0.736328 0.425781 0.074219 0.085938
1 0.816406 0.494141 0.101562 0.089844
1 0.599609 0.501953 0.074219 0.113281
1 0.916016 0.681641 0.128906 0.128906
1 0.798828 0.601562 0.097656 0.070312
1 0.212891 0.628906 0.128906 0.101562
1 0.746094 0.296875 0.109375 0.046875
1 0.714844 0.251953 0.054688 0.066406
1 0.259766 0.359375 0.082031 0.054688
1 0.369141 0.306641 0.089844 0.097656
