2 0.498047 0.359375 0.128906 0.281250
2 0.642578 0.460938 0.183594 0.328125
2 0.359375 0.417969 0.125000 0.250000
2 0.500000 0.591797 0.140625 0.175781
2 0.392578 0.712891 0.464844 0.355469
2 0.656250 0.701172 0.171875 0.128906
2 0.248047 0.410156 0.089844 0.257812
2 0.468750 0.900391 0.187500 0.199219
2 0.626953 0.248047 0.097656 0.136719
2 0.417969 0.294922 0.187500 0.152344
2 0.169922 0.337891 0.191406 0.105469
2 0.685547 0.830078 0.113281 0.144531
2 0.652344 0.953125 0.140625 0.093750
2 0.156250 0.875000 0.203125 0.140625
