2 0.794922 0.216797 0.089844 0.136719
2 0.917969 0.242188 0.156250 0.203125
2 0.572266 0.492188 0.105469 0.367188
2 0.468750 0.560547 0.093750 0.433594
2 0.388672 0.416016 0.082031 0.105469
2 0.205078 0.423828 0.285156 0.097656
2 0.689453 0.531250 0.128906 0.281250
2 0.814453 0.544922 0.113281 0.230469
2 0.912109 0.552734 0.152344 0.230469
2 0.035156 0.484375 0.062500 0.171875
2 0.167969 0.525391 0.187500 0.105469
2 0.339844 0.560547 0.210938 0.207031
2 0.564453 0.808594 0.113281 0.250000
2 0.734375 0.814453 0.218750 0.183594
2 0.861328 0.841797 0.128906 0.253906
2 0.949219 0.876953 0.101562 0.191406
2 0.277344 0.845703 0.164062 0.214844
2 0.392578 0.843750 0.066406 0.187500
2 0.486328 0.853516 0.113281 0.160156
2 0.148438 0.791016 0.085938 0.042969
2 0.167969 0.878906 0.101562 0.132812
2 0.255859 0.771484 0.074219 0.105469
2 0.197266 0.591797 0.128906 0.097656
2 0.638672 0.394531 0.082031 0.101562
2 0.824219 0.267578 0.109375 0.089844
2 0.806641 0.082031 0.246094 0.054688
2 0.656250 0.900391 0.117188 0.089844
2 0.619141 0.304688 0.089844 0.078125
