2 0.492188 0.621094 0.164062 0.226562
2 0.607422 0.593750 0.074219 0.265625
2 0.705078 0.566406 0.121094 0.109375
2 0.376953 0.660156 0.042969 0.250000
2 0.480469 0.714844 0.179688 0.171875
2 0.355469 0.705078 0.070312 0.175781
2 0.310547 0.718750 0.089844 0.164062
2 0.505859 0.523438 0.121094 0.093750
2 0.816406 0.560547 0.101562 0.105469
2 0.253906 0.746094 0.046875 0.109375
2 0.205078 0.751953 0.058594 0.074219
2 0.015625 0.751953 0.023438 0.066406
2 0.105469 0.744141 0.132812 0.058594
2 0.187500 0.558594 0.078125 0.046875
2 0.156250 0.591797 0.078125 0.058594
2 0.093750 0.634766 0.046875 0.050781
2 0.023438 0.671875 0.031250 0.093750
2 0.023438 0.744141 0.039062 0.050781
2 0.421875 0.451172 0.093750 0.042969
2 0.054688 0.638672 0.023438 0.050781
2 0.134766 0.529297 0.074219 0.019531
2 0.757812 0.412109 0.062500 0.097656
2 0.876953 0.353516 0.113281 0.027344
2 0.667969 0.660156 0.078125 0.093750
2 0.593750 0.740234 0.078125 0.066406
