0 0.161205 0.138425 0.122895 0.276851 0.167164 0.000000 0.000134 0.164598 0.000000 0.000022 0.164741 0.000000 0.000070 0.136164 0.000000 0.001176 0.146845 0.000000 0.004640 0.126410 0.000000 0.018732 0.137468 0.000401 0.225934 0.158510 0.040490 0.078050 0.169256 0.041887 0.968599 0.192613 0.060414 0.161887 0.202539 0.063337 0.960517 0.128645 0.091668 0.616284 0.136045 0.097568 0.858602 0.181056 0.135402 0.527349 0.191943 0.147579 0.888560 0.174186 0.229117 0.228381 0.185540 0.245197 0.569205 -1 0
2 0.140625 0.947266 0.250000 0.105469
2 0.398438 0.933594 0.312500 0.125000
2 0.494141 0.828125 0.105469 0.109375
2 0.453125 0.589844 0.125000 0.085938
2 0.447266 0.501953 0.074219 0.082031
2 0.871094 0.509766 0.242188 0.230469
2 0.837891 0.767578 0.324219 0.269531
2 0.648438 0.873047 0.195312 0.246094
2 0.845703 0.947266 0.285156 0.082031
2 0.458984 0.867188 0.136719 0.093750
2 0.902344 0.382812 0.171875 0.156250
2 0.675781 0.525391 0.164062 0.207031
