2 0.468750 0.232422 0.296875 0.089844
2 0.484375 0.277344 0.234375 0.046875
2 0.429688 0.669922 0.359375 0.175781
2 0.679688 0.710938 0.132812 0.078125
2 0.533203 0.796875 0.253906 0.078125
2 0.236328 0.654297 0.167969 0.128906
2 0.484375 0.619141 0.218750 0.136719
2 0.759766 0.720703 0.128906 0.066406
2 0.128906 0.689453 0.132812 0.066406
2 0.304688 0.244141 0.101562 0.082031
2 0.232422 0.267578 0.097656 0.042969
2 0.609375 0.203125 0.093750 0.062500
2 0.359375 0.753906 0.109375 0.078125
2 0.277344 0.705078 0.140625 0.089844
