2 0.437500 0.429688 0.250000 0.109375
2 0.390625 0.923828 0.093750 0.128906
2 0.589844 0.435547 0.078125 0.128906
2 0.640625 0.529297 0.062500 0.113281
2 0.812500 0.578125 0.078125 0.078125
2 0.261719 0.437500 0.109375 0.093750
2 0.433594 0.498047 0.140625 0.035156
2 0.851562 0.857422 0.109375 0.058594
2 0.730469 0.503906 0.101562 0.062500
2 0.562500 0.550781 0.125000 0.140625
2 0.433594 0.384766 0.179688 0.066406
2 0.701172 0.462891 0.144531 0.121094
2 0.742188 0.562500 0.140625 0.101562
2 0.308594 0.486328 0.132812 0.050781
