2 0.296875 0.406250 0.078125 0.140625
2 0.390625 0.533203 0.093750 0.253906
2 0.212891 0.416016 0.128906 0.113281
2 0.460938 0.572266 0.109375 0.246094
2 0.525391 0.560547 0.121094 0.121094
2 0.542969 0.654297 0.210938 0.097656
2 0.292969 0.578125 0.078125 0.171875
2 0.093750 0.451172 0.156250 0.058594
2 0.248047 0.626953 0.058594 0.121094
2 0.220703 0.648438 0.097656 0.078125
2 0.525391 0.353516 0.097656 0.097656
2 0.261719 0.339844 0.093750 0.062500
2 0.871094 0.125000 0.085938 0.046875
2 0.933594 0.144531 0.132812 0.039062
2 0.910156 0.050781 0.179688 0.070312
