1 0.548828 0.466797 0.324219 0.378906
1 0.767578 0.576172 0.097656 0.480469
1 0.775391 0.646484 0.167969 0.527344
1 0.906250 0.751953 0.078125 0.480469
1 0.970703 0.751953 0.050781 0.402344
1 0.837891 0.490234 0.128906 0.066406
1 0.496094 0.812500 0.421875 0.296875
1 0.314453 0.484375 0.128906 0.359375
1 0.494141 0.240234 0.230469 0.175781
1 0.595703 0.205078 0.050781 0.113281
1 0.640625 0.234375 0.031250 0.078125
1 0.679688 0.253906 0.031250 0.062500
1 0.501953 0.093750 0.097656 0.046875
1 0.435547 0.097656 0.050781 0.046875
1 0.375000 0.214844 0.062500 0.132812
1 0.310547 0.242188 0.058594 0.132812
1 0.369141 0.298828 0.050781 0.035156
1 0.251953 0.285156 0.113281 0.101562
1 0.259766 0.470703 0.136719 0.269531
1 0.259766 0.044922 0.191406 0.082031
1 0.392578 0.031250 0.066406 0.054688
1 0.027344 0.267578 0.046875 0.105469
1 0.277344 0.798828 0.093750 0.402344
1 0.466797 0.980469 0.363281 0.023438
1 0.773438 0.908203 0.109375 0.175781
1 0.843750 0.953125 0.031250 0.093750
1 0.740234 0.894531 0.175781 0.203125
