1 0.218750 0.484375 0.093750 0.062500
1 0.093750 0.509766 0.046875 0.042969
1 0.154297 0.558594 0.035156 0.046875
1 0.109375 0.562500 0.046875 0.046875
1 0.062500 0.593750 0.046875 0.062500
1 0.023438 0.640625 0.039062 0.109375
1 0.064453 0.656250 0.035156 0.062500
1 0.187500 0.595703 0.078125 0.074219
1 0.035156 0.529297 0.062500 0.050781
1 0.294922 0.468750 0.066406 0.031250
1 0.359375 0.734375 0.125000 0.296875
1 0.478516 0.697266 0.105469 0.363281
1 0.562500 0.636719 0.078125 0.304688
1 0.718750 0.435547 0.062500 0.089844
1 0.791016 0.437500 0.121094 0.093750
1 0.900391 0.400391 0.097656 0.144531
1 0.968750 0.390625 0.046875 0.125000
1 0.828125 0.375000 0.031250 0.031250
1 0.634766 0.453125 0.105469 0.062500
1 0.625000 0.533203 0.046875 0.097656
1 0.498047 0.476562 0.066406 0.085938
1 0.414062 0.539062 0.093750 0.093750
1 0.345703 0.578125 0.027344 0.031250
1 0.251953 0.585938 0.035156 0.093750
1 0.386719 0.419922 0.039062 0.035156
1 0.322266 0.449219 0.027344 0.023438
1 0.355469 0.431641 0.023438 0.019531
1 0.156250 0.525391 0.015625 0.019531
1 0.189453 0.531250 0.027344 0.031250
1 0.154297 0.478516 0.074219 0.042969
1 0.273438 0.681641 0.062500 0.042969
1 0.214844 0.687500 0.046875 0.031250
1 0.158203 0.703125 0.035156 0.031250
1 0.095703 0.712891 0.035156 0.019531
1 0.046875 0.775391 0.078125 0.089844
1 0.199219 0.812500 0.218750 0.125000
1 0.259766 0.730469 0.089844 0.054688
1 0.171875 0.753906 0.070312 0.070312
1 0.326172 0.578125 0.027344 0.031250
1 0.386719 0.884766 0.273438 0.058594
1 0.875000 0.203125 0.093750 0.031250
