2 0.435547 0.531250 0.160156 0.140625
2 0.251953 0.525391 0.199219 0.066406
2 0.310547 0.765625 0.300781 0.218750
2 0.439453 0.650391 0.136719 0.089844
2 0.650391 0.447266 0.105469 0.136719
2 0.740234 0.386719 0.074219 0.062500
2 0.740234 0.173828 0.175781 0.066406
2 0.695312 0.248047 0.093750 0.074219
2 0.779297 0.318359 0.082031 0.066406
2 0.716797 0.429688 0.074219 0.070312
2 0.792969 0.367188 0.046875 0.046875
2 0.632812 0.076172 0.054688 0.058594
2 0.589844 0.171875 0.140625 0.054688
2 0.146484 0.417969 0.089844 0.101562
