2 0.435547 0.423828 0.082031 0.121094
2 0.548828 0.375000 0.136719 0.054688
2 0.312500 0.402344 0.140625 0.046875
2 0.431641 0.576172 0.082031 0.097656
2 0.908203 0.892578 0.128906 0.066406
2 0.496094 0.595703 0.039062 0.058594
2 0.388672 0.595703 0.058594 0.050781
2 0.585938 0.656250 0.070312 0.031250
2 0.539062 0.425781 0.125000 0.054688
2 0.484375 0.460938 0.101562 0.078125
2 0.412109 0.501953 0.105469 0.089844
2 0.640625 0.683594 0.101562 0.070312
2 0.898438 0.845703 0.054688 0.074219
2 0.923828 0.931641 0.082031 0.042969
2 0.580078 0.353516 0.105469 0.058594
2 0.085938 0.101562 0.078125 0.054688
