2 0.496094 0.373047 0.132812 0.316406
2 0.609375 0.431641 0.078125 0.339844
2 0.687500 0.500000 0.234375 0.203125
2 0.359375 0.326172 0.125000 0.089844
2 0.250000 0.373047 0.093750 0.027344
2 0.033203 0.511719 0.058594 0.078125
2 0.109375 0.460938 0.062500 0.093750
2 0.181641 0.417969 0.050781 0.039062
2 0.390625 0.263672 0.062500 0.027344
2 0.449219 0.867188 0.242188 0.125000
2 0.271484 0.882812 0.105469 0.140625
2 0.453125 0.966797 0.234375 0.066406
2 0.242188 0.978516 0.171875 0.042969
2 0.830078 0.531250 0.097656 0.156250
2 0.671875 0.373047 0.093750 0.160156
2 0.527344 0.533203 0.109375 0.121094
