2 0.515625 0.203125 0.218750 0.390625
2 0.554688 0.562500 0.265625 0.359375
2 0.621094 0.814453 0.273438 0.363281
2 0.312500 0.400391 0.203125 0.191406
2 0.294922 0.623047 0.253906 0.261719
2 0.355469 0.861328 0.289062 0.246094
2 0.421875 0.242188 0.296875 0.140625
2 0.679688 0.500000 0.093750 0.179688
2 0.636719 0.283203 0.070312 0.222656
2 0.359375 0.119141 0.210938 0.230469
2 0.263672 0.281250 0.144531 0.164062
2 0.214844 0.412109 0.140625 0.214844
2 0.201172 0.796875 0.160156 0.187500
2 0.191406 0.630859 0.132812 0.199219
