2 0.402344 0.185547 0.109375 0.089844
2 0.531250 0.398438 0.406250 0.078125
2 0.494141 0.187500 0.066406 0.093750
2 0.341797 0.199219 0.089844 0.062500
2 0.375000 0.433594 0.218750 0.109375
2 0.712891 0.482422 0.261719 0.097656
2 0.275391 0.572266 0.160156 0.128906
2 0.531250 0.343750 0.218750 0.062500
2 0.326172 0.183594 0.074219 0.039062
2 0.152344 0.591797 0.179688 0.066406
2 0.541016 0.214844 0.035156 0.046875
2 0.775391 0.416016 0.089844 0.058594
2 0.435547 0.355469 0.121094 0.054688
2 0.263672 0.406250 0.050781 0.062500
2 0.546875 0.525391 0.156250 0.167969
2 0.683594 0.570312 0.109375 0.078125
