2 0.203125 0.109375 0.093750 0.078125
2 0.294922 0.109375 0.089844 0.078125
2 0.373047 0.093750 0.066406 0.078125
2 0.308594 0.062500 0.054688 0.031250
2 0.136719 0.125000 0.031250 0.062500
2 0.468750 0.404297 0.062500 0.066406
2 0.441406 0.423828 0.054688 0.066406
2 0.277344 0.451172 0.062500 0.035156
2 0.500000 0.386719 0.046875 0.078125
2 0.843750 0.265625 0.046875 0.046875
2 0.904297 0.419922 0.058594 0.105469
2 0.935547 0.560547 0.058594 0.058594
2 0.230469 0.679688 0.054688 0.125000
2 0.091797 0.699219 0.097656 0.054688
2 0.384766 0.548828 0.105469 0.050781
2 0.185547 0.974609 0.074219 0.042969
2 0.435547 0.251953 0.082031 0.074219
2 0.068359 0.957031 0.074219 0.046875
