2 0.544922 0.244141 0.449219 0.183594
2 0.810547 0.248047 0.082031 0.183594
2 0.845703 0.259766 0.105469 0.144531
2 0.888672 0.285156 0.113281 0.085938
2 0.419922 0.503906 0.191406 0.179688
2 0.859375 0.847656 0.101562 0.226562
2 0.416016 0.824219 0.378906 0.312500
2 0.220703 0.535156 0.214844 0.164062
2 0.251953 0.248047 0.214844 0.191406
2 0.150391 0.265625 0.097656 0.117188
2 0.070312 0.568359 0.132812 0.113281
2 0.605469 0.509766 0.093750 0.183594
2 0.800781 0.501953 0.265625 0.167969
2 0.720703 0.679688 0.105469 0.171875
2 0.710938 0.869141 0.132812 0.136719
2 0.144531 0.833984 0.281250 0.324219
