1 0.591797 0.457031 0.253906 0.117188
1 0.373047 0.572266 0.058594 0.121094
1 0.468750 0.546875 0.140625 0.078125
1 0.609375 0.537109 0.125000 0.058594
1 0.212891 0.570312 0.277344 0.078125
1 0.320312 0.634766 0.140625 0.050781
1 0.382812 0.337891 0.156250 0.105469
1 0.775391 0.429688 0.097656 0.125000
1 0.281250 0.375000 0.062500 0.062500
1 0.236328 0.220703 0.183594 0.050781
1 0.650391 0.050781 0.191406 0.046875
1 0.955078 0.013672 0.082031 0.019531
1 0.048828 0.126953 0.089844 0.042969
1 0.076172 0.210938 0.144531 0.046875
1 0.572266 0.406250 0.316406 0.156250
1 0.222656 0.371094 0.093750 0.039062
1 0.150391 0.041016 0.183594 0.058594
1 0.878906 0.060547 0.242188 0.050781
1 0.951172 0.154297 0.097656 0.066406
