1 0.453125 0.259766 0.109375 0.113281
1 0.359375 0.328125 0.078125 0.125000
1 0.544922 0.359375 0.066406 0.156250
1 0.484375 0.400391 0.171875 0.183594
1 0.251953 0.292969 0.128906 0.062500
1 0.261719 0.355469 0.101562 0.085938
1 0.650391 0.453125 0.144531 0.234375
1 0.460938 0.515625 0.242188 0.156250
1 0.468750 0.656250 0.187500 0.171875
1 0.828125 0.576172 0.093750 0.058594
1 0.892578 0.580078 0.152344 0.105469
1 0.925781 0.640625 0.148438 0.101562
1 0.732422 0.468750 0.160156 0.078125
1 0.695312 0.394531 0.203125 0.070312
1 0.279297 0.417969 0.089844 0.046875
1 0.355469 0.406250 0.109375 0.093750
1 0.626953 0.603516 0.089844 0.183594
1 0.658203 0.751953 0.097656 0.136719
1 0.492188 0.765625 0.195312 0.125000
1 0.292969 0.523438 0.203125 0.148438
1 0.466797 0.910156 0.152344 0.148438
1 0.654297 0.888672 0.089844 0.152344
