0 0.923064 0.203524 0.153827 0.406388 0.965625 0.000000 0.000087 0.969007 0.000000 0.000110 0.972058 0.000000 0.000014 0.975137 0.000000 0.038030 1.000000 0.000000 0.003388 0.959386 0.004965 0.567596 1.000000 0.005047 0.004309 0.902243 0.077620 0.967500 0.963402 0.071727 0.006264 0.870232 0.125127 0.874046 0.915949 0.116828 0.014451 0.962061 0.179009 0.887768 1.000000 0.176655 0.270284 0.886961 0.249156 0.930183 0.954443 0.246577 0.217383 0.911957 0.371289 0.838271 0.972918 0.345791 0.212986 -1 0
0 0.095986 0.222027 0.084376 0.417211 0.065295 0.056603 0.075455 0.066744 0.049691 0.091227 0.067045 0.048752 0.017392 0.073640 0.051203 0.618369 0.094063 0.047176 0.120116 0.086958 0.092291 0.982351 0.109103 0.086543 0.725170 0.088380 0.152809 0.959834 0.113882 0.143774 0.167947 0.071603 0.153505 0.806817 0.085731 0.145741 0.116791 0.099636 0.212979 0.974425 0.114561 0.209013 0.888842 0.103487 0.306557 0.971251 0.112709 0.302585 0.857114 0.110638 0.399109 0.891834 0.114913 0.386594 0.696071 -1 0
2 0.328125 0.609375 0.078125 0.125000
2 0.373047 0.628906 0.066406 0.078125
2 0.451172 0.593750 0.097656 0.093750
2 0.531250 0.544922 0.046875 0.035156
2 0.216797 0.685547 0.113281 0.207031
2 0.292969 0.830078 0.078125 0.324219
2 0.277344 0.611328 0.070312 0.113281
2 0.134766 0.687500 0.066406 0.171875
2 0.085938 0.705078 0.109375 0.160156
2 0.017578 0.742188 0.027344 0.195312
2 0.859375 0.705078 0.218750 0.097656
2 0.765625 0.316406 0.093750 0.046875
2 0.718750 0.447266 0.078125 0.058594
2 0.937500 0.626953 0.125000 0.152344
