2 0.273438 0.435547 0.179688 0.230469
2 0.441406 0.527344 0.156250 0.390625
2 0.650391 0.546875 0.246094 0.359375
2 0.339844 0.091797 0.132812 0.082031
2 0.484375 0.068359 0.156250 0.089844
2 0.890625 0.464844 0.218750 0.171875
2 0.628906 0.048828 0.140625 0.089844
2 0.296875 0.582031 0.125000 0.054688
2 0.324219 0.675781 0.140625 0.078125
2 0.195312 0.443359 0.164062 0.207031
2 0.787109 0.615234 0.121094 0.121094
2 0.890625 0.369141 0.218750 0.191406
2 0.560547 0.111328 0.058594 0.074219
2 0.843750 0.046875 0.289062 0.085938
2 0.851562 0.626953 0.125000 0.058594
