1 0.072266 0.593750 0.136719 0.484375
1 0.312500 0.589844 0.343750 0.320312
1 0.134766 0.763672 0.183594 0.191406
1 0.230469 0.712891 0.148438 0.214844
1 0.335938 0.691406 0.109375 0.164062
1 0.072266 0.814453 0.136719 0.183594
1 0.082031 0.910156 0.156250 0.101562
1 0.353516 0.427734 0.207031 0.113281
1 0.236328 0.404297 0.097656 0.042969
1 0.083984 0.341797 0.136719 0.027344
1 0.201172 0.328125 0.097656 0.062500
1 0.285156 0.333984 0.062500 0.058594
1 0.130859 0.472656 0.128906 0.234375
1 0.726562 0.207031 0.210938 0.078125
1 0.425781 0.353516 0.109375 0.097656
