2 0.232422 0.375000 0.121094 0.140625
2 0.138672 0.509766 0.113281 0.113281
2 0.228516 0.558594 0.089844 0.210938
2 0.357422 0.562500 0.160156 0.218750
2 0.166016 0.593750 0.152344 0.093750
2 0.187500 0.783203 0.125000 0.308594
2 0.279297 0.703125 0.121094 0.156250
2 0.525391 0.419922 0.183594 0.152344
2 0.656250 0.435547 0.078125 0.136719
2 0.750000 0.484375 0.109375 0.125000
2 0.494141 0.197266 0.136719 0.097656
2 0.593750 0.187500 0.078125 0.109375
2 0.673828 0.337891 0.160156 0.183594
2 0.375000 0.214844 0.078125 0.062500
2 0.189453 0.357422 0.105469 0.089844
2 0.359375 0.410156 0.125000 0.109375
2 0.453125 0.935547 0.218750 0.113281
2 0.312500 0.935547 0.109375 0.121094
2 0.214844 0.968750 0.109375 0.062500
2 0.166016 0.890625 0.105469 0.140625
2 0.837891 0.296875 0.152344 0.078125
2 0.095703 0.451172 0.121094 0.128906
2 0.683594 0.212891 0.070312 0.082031
2 0.316406 0.212891 0.101562 0.042969
2 0.953125 0.330078 0.093750 0.089844
2 0.601562 0.564453 0.226562 0.160156
2 0.462891 0.562500 0.144531 0.179688
2 0.568359 0.839844 0.058594 0.132812
