2 0.281250 0.843750 0.093750 0.187500
2 0.337891 0.833984 0.089844 0.175781
2 0.216797 0.890625 0.035156 0.218750
2 0.259766 0.919922 0.089844 0.097656
2 0.181641 0.906250 0.019531 0.171875
2 0.500000 0.486328 0.062500 0.144531
2 0.562500 0.511719 0.062500 0.117188
2 0.628906 0.476562 0.070312 0.140625
2 0.591797 0.457031 0.058594 0.070312
2 0.433594 0.466797 0.078125 0.050781
2 0.533203 0.367188 0.058594 0.054688
2 0.250000 0.667969 0.031250 0.031250
2 0.658203 0.714844 0.175781 0.117188
2 0.535156 0.767578 0.070312 0.144531
2 0.468750 0.826172 0.046875 0.144531
2 0.421875 0.892578 0.031250 0.113281
2 0.595703 0.796875 0.058594 0.031250
2 0.398438 0.953125 0.023438 0.078125
2 0.578125 0.716797 0.085938 0.089844
2 0.658203 0.638672 0.121094 0.027344
2 0.492188 0.742188 0.023438 0.031250
2 0.515625 0.857422 0.046875 0.027344
2 0.654297 0.787109 0.042969 0.003906
2 0.710938 0.650391 0.085938 0.097656
2 0.437500 0.890625 0.062500 0.054688
2 0.474609 0.830078 0.105469 0.074219
2 0.261719 0.794922 0.078125 0.082031
