1 0.710938 0.558594 0.148438 0.085938
1 0.789062 0.556641 0.101562 0.058594
1 0.580078 0.642578 0.121094 0.207031
1 0.400391 0.580078 0.238281 0.058594
1 0.439453 0.687500 0.160156 0.062500
1 0.335938 0.703125 0.031250 0.078125
1 0.164062 0.849609 0.156250 0.121094
1 0.273438 0.785156 0.085938 0.117188
1 0.218750 0.759766 0.109375 0.058594
1 0.335938 0.699219 0.101562 0.054688
1 0.236328 0.593750 0.066406 0.062500
1 0.142578 0.529297 0.066406 0.019531
1 0.220703 0.531250 0.066406 0.031250
1 0.662109 0.736328 0.042969 0.058594
1 0.191406 0.800781 0.117188 0.054688
1 0.689453 0.750000 0.058594 0.039062
