2 0.296875 0.703125 0.531250 0.421875
2 0.341797 0.367188 0.199219 0.242188
2 0.593750 0.369141 0.312500 0.230469
2 0.453125 0.134766 0.203125 0.128906
2 0.242188 0.376953 0.117188 0.222656
2 0.357422 0.189453 0.121094 0.097656
2 0.492188 0.035156 0.218750 0.062500
2 0.605469 0.156250 0.093750 0.156250
2 0.449219 0.248047 0.210938 0.105469
2 0.593750 0.572266 0.062500 0.167969
2 0.201172 0.421875 0.136719 0.125000
2 0.156250 0.449219 0.140625 0.078125
2 0.064453 0.742188 0.121094 0.414062
2 0.304688 0.906250 0.593750 0.109375
2 0.730469 0.814453 0.335938 0.332031
2 0.705078 0.562500 0.285156 0.156250
2 0.773438 0.373047 0.039062 0.253906
2 0.796875 0.410156 0.171875 0.156250
2 0.638672 0.158203 0.160156 0.160156
2 0.615234 0.052734 0.066406 0.097656
2 0.908203 0.703125 0.167969 0.546875
2 0.308594 0.244141 0.101562 0.113281
2 0.373047 0.146484 0.121094 0.105469
