2 0.271484 0.416016 0.214844 0.503906
2 0.414062 0.232422 0.125000 0.105469
2 0.369141 0.365234 0.128906 0.175781
2 0.421875 0.529297 0.093750 0.207031
2 0.687500 0.634766 0.281250 0.152344
2 0.679688 0.779297 0.257812 0.199219
2 0.902344 0.642578 0.179688 0.222656
2 0.478516 0.833984 0.199219 0.089844
2 0.089844 0.390625 0.171875 0.078125
2 0.144531 0.675781 0.281250 0.117188
2 0.125000 0.876953 0.226562 0.144531
2 0.371094 0.652344 0.195312 0.101562
2 0.564453 0.707031 0.121094 0.226562
2 0.771484 0.574219 0.175781 0.132812
2 0.908203 0.394531 0.175781 0.179688
2 0.560547 0.896484 0.285156 0.089844
2 0.845703 0.832031 0.308594 0.187500
2 0.681641 0.949219 0.222656 0.101562
2 0.501953 0.953125 0.160156 0.093750
