1 0.167969 0.531250 0.328125 0.265625
1 0.562500 0.523438 0.468750 0.289062
1 0.828125 0.548828 0.109375 0.339844
1 0.923828 0.490234 0.144531 0.183594
1 0.650391 0.349609 0.175781 0.074219
1 0.521484 0.347656 0.089844 0.054688
1 0.865234 0.611328 0.113281 0.105469
1 0.232422 0.412109 0.128906 0.121094
1 0.669922 0.273438 0.050781 0.070312
1 0.404297 0.382812 0.207031 0.062500
1 0.152344 0.707031 0.109375 0.164062
1 0.273438 0.660156 0.117188 0.070312
1 0.437500 0.658203 0.195312 0.082031
1 0.679688 0.666016 0.195312 0.089844
1 0.882812 0.654297 0.078125 0.089844
