1 0.546875 0.087891 0.062500 0.082031
1 0.589844 0.103516 0.054688 0.097656
1 0.625000 0.125000 0.062500 0.093750
1 0.681641 0.136719 0.050781 0.070312
1 0.500000 0.103516 0.031250 0.042969
1 0.562500 0.453125 0.187500 0.296875
1 0.703125 0.480469 0.093750 0.320312
1 0.777344 0.482422 0.046875 0.246094
1 0.796875 0.513672 0.109375 0.214844
1 0.376953 0.453125 0.160156 0.265625
1 0.593750 0.322266 0.125000 0.097656
1 0.542969 0.734375 0.164062 0.281250
1 0.625000 0.712891 0.156250 0.292969
1 0.353516 0.591797 0.136719 0.082031
1 0.634766 0.875000 0.160156 0.171875
1 0.750000 0.261719 0.062500 0.039062
1 0.248047 0.437500 0.199219 0.125000
1 0.529297 0.218750 0.121094 0.093750
1 0.406250 0.119141 0.093750 0.058594
1 0.353516 0.294922 0.105469 0.089844
