1 0.267578 0.751953 0.175781 0.253906
1 0.400391 0.529297 0.371094 0.199219
1 0.164062 0.750000 0.031250 0.171875
1 0.185547 0.736328 0.121094 0.121094
1 0.257812 0.544922 0.140625 0.167969
1 0.541016 0.330078 0.042969 0.019531
1 0.781250 0.359375 0.054688 0.031250
1 0.845703 0.373047 0.058594 0.027344
1 0.970703 0.322266 0.050781 0.027344
1 0.761719 0.005859 0.093750 0.003906
1 0.886719 0.166016 0.039062 0.019531
1 0.416016 0.718750 0.105469 0.187500
1 0.529297 0.701172 0.121094 0.144531
1 0.642578 0.595703 0.128906 0.324219
1 0.763672 0.587891 0.105469 0.269531
1 0.857422 0.566406 0.089844 0.226562
1 0.953125 0.585938 0.093750 0.187500
1 0.669922 0.691406 0.136719 0.109375
1 0.767578 0.603516 0.152344 0.222656
1 0.513672 0.757812 0.089844 0.093750
1 0.400391 0.800781 0.136719 0.109375
1 0.763672 0.152344 0.121094 0.039062
