2 0.099609 0.683594 0.191406 0.304688
2 0.384766 0.712891 0.199219 0.371094
2 0.523438 0.730469 0.078125 0.335938
2 0.591797 0.732422 0.066406 0.308594
2 0.658203 0.750000 0.066406 0.250000
2 0.722656 0.765625 0.054688 0.218750
2 0.779297 0.783203 0.058594 0.183594
2 0.853516 0.812500 0.097656 0.140625
2 0.195312 0.806641 0.179688 0.160156
2 0.166016 0.541016 0.175781 0.105469
2 0.458984 0.398438 0.167969 0.078125
2 0.363281 0.421875 0.109375 0.039062
2 0.583984 0.378906 0.089844 0.039062
2 0.255859 0.427734 0.097656 0.058594
