1 0.501953 0.517578 0.316406 0.527344
1 0.693359 0.531250 0.160156 0.507812
1 0.298828 0.564453 0.089844 0.410156
1 0.587891 0.746094 0.363281 0.187500
1 0.468750 0.246094 0.242188 0.140625
1 0.810547 0.041016 0.121094 0.074219
1 0.839844 0.783203 0.125000 0.386719
1 0.687500 0.906250 0.234375 0.164062
1 0.242188 0.539062 0.070312 0.351562
1 0.330078 0.335938 0.144531 0.156250
1 0.785156 0.455078 0.101562 0.246094
1 0.460938 0.025391 0.203125 0.042969
1 0.917969 0.816406 0.132812 0.148438
1 0.332031 0.218750 0.093750 0.070312
