2 0.367188 0.339844 0.312500 0.070312
2 0.341797 0.611328 0.191406 0.066406
2 0.408203 0.636719 0.175781 0.070312
2 0.843750 0.761719 0.156250 0.093750
2 0.919922 0.794922 0.097656 0.066406
2 0.369141 0.156250 0.222656 0.046875
2 0.546875 0.187500 0.125000 0.062500
2 0.218750 0.201172 0.171875 0.042969
2 0.335938 0.187500 0.054688 0.062500
2 0.593750 0.201172 0.093750 0.074219
2 0.498047 0.648438 0.082031 0.070312
2 0.533203 0.345703 0.121094 0.066406
2 0.544922 0.091797 0.097656 0.035156
2 0.421875 0.187500 0.109375 0.046875
2 0.644531 0.201172 0.046875 0.050781
