2 0.513672 0.417969 0.183594 0.101562
2 0.125000 0.734375 0.203125 0.140625
2 0.328125 0.652344 0.171875 0.078125
2 0.416016 0.585938 0.214844 0.093750
2 0.617188 0.388672 0.140625 0.167969
2 0.279297 0.750000 0.089844 0.109375
2 0.117188 0.853516 0.226562 0.089844
2 0.064453 0.910156 0.121094 0.140625
2 0.197266 0.656250 0.097656 0.062500
2 0.375000 0.421875 0.187500 0.062500
2 0.500000 0.500000 0.171875 0.093750
2 0.718750 0.324219 0.078125 0.109375
2 0.341797 0.703125 0.089844 0.046875
2 0.234375 0.824219 0.109375 0.062500
2 0.576172 0.466797 0.128906 0.097656
2 0.421875 0.636719 0.109375 0.085938
2 0.701172 0.390625 0.082031 0.093750
2 0.531250 0.544922 0.078125 0.066406
2 0.361328 0.513672 0.160156 0.136719
2 0.281250 0.564453 0.093750 0.152344
2 0.228516 0.609375 0.105469 0.078125
2 0.156250 0.660156 0.078125 0.093750
2 0.154297 0.875000 0.082031 0.125000
2 0.779297 0.308594 0.066406 0.070312
