1 0.246094 0.234375 0.203125 0.140625
1 0.394531 0.222656 0.085938 0.132812
1 0.167969 0.253906 0.125000 0.101562
1 0.423828 0.623047 0.128906 0.191406
1 0.531250 0.671875 0.125000 0.218750
1 0.634766 0.632812 0.160156 0.109375
1 0.242188 0.560547 0.148438 0.066406
1 0.328125 0.607422 0.101562 0.160156
1 0.414062 0.671875 0.117188 0.156250
1 0.560547 0.765625 0.105469 0.164062
1 0.714844 0.578125 0.117188 0.046875
1 0.679688 0.640625 0.171875 0.054688
1 0.570312 0.859375 0.078125 0.109375
1 0.187500 0.337891 0.101562 0.074219
1 0.232422 0.162109 0.113281 0.042969
1 0.277344 0.300781 0.070312 0.062500
1 0.472656 0.253906 0.070312 0.070312
1 0.226562 0.447266 0.140625 0.144531
1 0.810547 0.578125 0.082031 0.039062
1 0.613281 0.708984 0.093750 0.089844
1 0.603516 0.886719 0.074219 0.054688
