1 0.234375 0.527344 0.335938 0.171875
1 0.460938 0.609375 0.140625 0.273438
1 0.562500 0.591797 0.101562 0.285156
1 0.255859 0.615234 0.160156 0.074219
1 0.365234 0.664062 0.160156 0.148438
1 0.244141 0.707031 0.089844 0.062500
1 0.650391 0.443359 0.175781 0.074219
1 0.677734 0.523438 0.128906 0.148438
1 0.824219 0.449219 0.093750 0.054688
1 0.865234 0.410156 0.097656 0.070312
1 0.714844 0.400391 0.101562 0.035156
1 0.738281 0.496094 0.078125 0.148438
1 0.593750 0.185547 0.140625 0.074219
1 0.484375 0.203125 0.078125 0.062500
1 0.697266 0.199219 0.058594 0.070312
1 0.281250 0.265625 0.140625 0.093750
1 0.189453 0.277344 0.058594 0.070312
1 0.376953 0.263672 0.058594 0.066406
1 0.451172 0.453125 0.246094 0.093750
1 0.626953 0.650391 0.066406 0.105469
1 0.917969 0.892578 0.156250 0.089844
1 0.945312 0.867188 0.093750 0.085938
1 0.839844 0.923828 0.070312 0.089844
1 0.972656 0.968750 0.046875 0.062500
1 0.496094 0.218750 0.171875 0.054688
1 0.416016 0.263672 0.058594 0.050781
1 0.933594 0.576172 0.132812 0.058594
1 0.884766 0.175781 0.230469 0.125000
