1 0.455078 0.275391 0.285156 0.050781
1 0.449219 0.238281 0.117188 0.039062
1 0.449219 0.494141 0.109375 0.105469
1 0.480469 0.609375 0.117188 0.125000
1 0.607422 0.654297 0.136719 0.152344
1 0.720703 0.638672 0.097656 0.113281
1 0.779297 0.748047 0.074219 0.074219
1 0.835938 0.753906 0.070312 0.140625
1 0.810547 0.646484 0.089844 0.074219
1 0.898438 0.777344 0.078125 0.132812
1 0.390625 0.562500 0.046875 0.031250
1 0.544922 0.498047 0.082031 0.089844
1 0.564453 0.349609 0.121094 0.050781
1 0.718750 0.746094 0.093750 0.046875
1 0.347656 0.537109 0.046875 0.042969
1 0.960938 0.849609 0.078125 0.097656
1 0.621094 0.728516 0.117188 0.050781
1 0.521484 0.679688 0.097656 0.062500
1 0.593750 0.501953 0.046875 0.058594
1 0.435547 0.298828 0.128906 0.050781
1 0.373047 0.451172 0.058594 0.042969
1 0.253906 0.087891 0.164062 0.082031
1 0.369141 0.082031 0.082031 0.062500
1 0.525391 0.101562 0.128906 0.046875
1 0.638672 0.099609 0.089844 0.058594
1 0.753906 0.027344 0.132812 0.039062
1 0.488281 0.367188 0.062500 0.031250
1 0.474609 0.226562 0.058594 0.039062
