2 0.466797 0.634766 0.316406 0.238281
2 0.587891 0.431641 0.191406 0.167969
2 0.652344 0.296875 0.117188 0.078125
2 0.312500 0.857422 0.406250 0.191406
2 0.259766 0.685547 0.089844 0.152344
2 0.437500 0.468750 0.093750 0.093750
2 0.572266 0.312500 0.042969 0.062500
2 0.640625 0.546875 0.125000 0.140625
2 0.699219 0.359375 0.078125 0.140625
2 0.660156 0.251953 0.078125 0.066406
2 0.212891 0.750000 0.136719 0.171875
2 0.335938 0.609375 0.148438 0.109375
2 0.431641 0.533203 0.183594 0.136719
2 0.515625 0.439453 0.125000 0.128906
2 0.761719 0.619141 0.125000 0.292969
2 0.142578 0.906250 0.183594 0.187500
2 0.375000 0.939453 0.296875 0.121094
2 0.556641 0.853516 0.144531 0.285156
2 0.689453 0.181641 0.050781 0.066406
2 0.779297 0.390625 0.136719 0.156250
