1 0.429688 0.390625 0.265625 0.140625
1 0.593750 0.402344 0.062500 0.140625
1 0.666016 0.423828 0.066406 0.097656
1 0.720703 0.431641 0.050781 0.066406
1 0.574219 0.609375 0.289062 0.125000
1 0.779297 0.609375 0.113281 0.171875
1 0.572266 0.703125 0.285156 0.054688
1 0.275391 0.392578 0.042969 0.097656
1 0.558594 0.515625 0.281250 0.164062
1 0.900391 0.656250 0.136719 0.101562
1 0.837891 0.566406 0.082031 0.117188
1 0.195312 0.365234 0.148438 0.050781
1 0.294922 0.472656 0.277344 0.062500
1 0.634766 0.363281 0.082031 0.039062
1 0.140625 0.462891 0.062500 0.035156
