2 0.589844 0.578125 0.343750 0.078125
2 0.556641 0.640625 0.230469 0.046875
2 0.595703 0.517578 0.128906 0.050781
2 0.455078 0.519531 0.121094 0.031250
2 0.601562 0.658203 0.218750 0.058594
2 0.748047 0.523438 0.175781 0.187500
2 0.888672 0.507812 0.121094 0.117188
2 0.775391 0.412109 0.128906 0.121094
2 0.037109 0.791016 0.066406 0.058594
2 0.023438 0.757812 0.039062 0.070312
2 0.521484 0.212891 0.128906 0.089844
2 0.115234 0.929688 0.136719 0.132812
2 0.427734 0.580078 0.089844 0.082031
2 0.861328 0.431641 0.050781 0.089844
2 0.453125 0.212891 0.085938 0.042969
