2 0.281250 0.531250 0.070312 0.093750
2 0.343750 0.525391 0.046875 0.097656
2 0.402344 0.515625 0.062500 0.093750
2 0.468750 0.501953 0.078125 0.074219
2 0.535156 0.484375 0.070312 0.078125
2 0.593750 0.460938 0.031250 0.054688
2 0.613281 0.445312 0.085938 0.031250
2 0.566406 0.285156 0.085938 0.031250
2 0.886719 0.324219 0.171875 0.062500
2 0.773438 0.316406 0.054688 0.031250
2 0.095703 0.378906 0.066406 0.039062
2 0.449219 0.679688 0.062500 0.031250
2 0.033203 0.322266 0.042969 0.019531
2 0.949219 0.371094 0.101562 0.093750
