1 0.718750 0.765625 0.187500 0.468750
1 0.886719 0.701172 0.140625 0.597656
1 0.980469 0.732422 0.031250 0.519531
1 0.548828 0.710938 0.214844 0.359375
1 0.400391 0.718750 0.144531 0.296875
1 0.265625 0.732422 0.125000 0.261719
1 0.187500 0.720703 0.132812 0.191406
1 0.091797 0.732422 0.058594 0.097656
1 0.314453 0.611328 0.089844 0.082031
1 0.750000 0.419922 0.109375 0.121094
1 0.736328 0.531250 0.152344 0.062500
1 0.591797 0.910156 0.199219 0.156250
1 0.322266 0.861328 0.136719 0.121094
1 0.609375 0.074219 0.171875 0.101562
1 0.443359 0.082031 0.152344 0.132812
1 0.304688 0.076172 0.179688 0.074219
1 0.734375 0.044922 0.078125 0.050781
