2 0.720703 0.609375 0.097656 0.187500
2 0.818359 0.562500 0.097656 0.125000
2 0.812500 0.513672 0.054688 0.089844
2 0.791016 0.634766 0.128906 0.074219
2 0.625000 0.636719 0.093750 0.195312
2 0.533203 0.654297 0.082031 0.167969
2 0.443359 0.703125 0.097656 0.125000
2 0.503906 0.644531 0.101562 0.078125
2 0.058594 0.681641 0.109375 0.144531
2 0.121094 0.648438 0.054688 0.070312
2 0.265625 0.792969 0.265625 0.078125
2 0.369141 0.714844 0.121094 0.054688
2 0.263672 0.757812 0.167969 0.132812
2 0.218750 0.525391 0.046875 0.027344
2 0.066406 0.818359 0.117188 0.113281
2 0.416016 0.779297 0.136719 0.097656
2 0.660156 0.556641 0.054688 0.074219
2 0.138672 0.775391 0.066406 0.128906
