1 0.556641 0.406250 0.207031 0.312500
1 0.701172 0.468750 0.089844 0.390625
1 0.742188 0.558594 0.101562 0.390625
1 0.890625 0.572266 0.218750 0.433594
1 0.595703 0.611328 0.105469 0.097656
1 0.753906 0.628906 0.179688 0.164062
1 0.359375 0.312500 0.187500 0.187500
1 0.437500 0.447266 0.140625 0.191406
1 0.228516 0.306641 0.089844 0.144531
1 0.113281 0.328125 0.218750 0.171875
1 0.890625 0.857422 0.203125 0.183594
1 0.242188 0.142578 0.117188 0.160156
1 0.248047 0.048828 0.121094 0.089844
1 0.546875 0.111328 0.468750 0.214844
1 0.470703 0.841797 0.128906 0.097656
1 0.546875 0.576172 0.125000 0.105469
