1 0.595703 0.501953 0.136719 0.308594
1 0.691406 0.564453 0.062500 0.191406
1 0.455078 0.533203 0.136719 0.199219
1 0.484375 0.664062 0.085938 0.140625
1 0.603516 0.705078 0.136719 0.089844
1 0.640625 0.705078 0.046875 0.089844
1 0.652344 0.646484 0.093750 0.097656
1 0.660156 0.429688 0.085938 0.109375
1 0.535156 0.455078 0.078125 0.121094
1 0.085938 0.560547 0.164062 0.160156
1 0.179688 0.546875 0.031250 0.109375
1 0.064453 0.453125 0.113281 0.062500
1 0.212891 0.529297 0.027344 0.089844
1 0.207031 0.521484 0.070312 0.066406
1 0.054688 0.697266 0.101562 0.128906
1 0.408203 0.798828 0.121094 0.097656
1 0.388672 0.519531 0.089844 0.109375
1 0.443359 0.687500 0.121094 0.125000
