1 0.308594 0.437500 0.195312 0.171875
1 0.437500 0.574219 0.140625 0.210938
1 0.515625 0.621094 0.171875 0.226562
1 0.685547 0.541016 0.332031 0.128906
1 0.478516 0.720703 0.097656 0.066406
1 0.335938 0.621094 0.156250 0.179688
1 0.085938 0.576172 0.125000 0.074219
1 0.242188 0.587891 0.187500 0.136719
1 0.218750 0.697266 0.078125 0.144531
1 0.636719 0.128906 0.171875 0.101562
1 0.498047 0.218750 0.199219 0.078125
1 0.572266 0.199219 0.082031 0.125000
1 0.873047 0.781250 0.175781 0.203125
1 0.597656 0.654297 0.132812 0.136719
