2 0.544922 0.433594 0.089844 0.070312
2 0.623047 0.468750 0.066406 0.062500
2 0.496094 0.548828 0.062500 0.144531
2 0.535156 0.539062 0.070312 0.109375
2 0.441406 0.556641 0.031250 0.066406
2 0.449219 0.156250 0.203125 0.109375
2 0.546875 0.226562 0.164062 0.179688
2 0.671875 0.242188 0.125000 0.164062
2 0.767578 0.250000 0.066406 0.140625
2 0.855469 0.265625 0.093750 0.125000
2 0.949219 0.322266 0.093750 0.121094
2 0.923828 0.236328 0.035156 0.050781
2 0.835938 0.308594 0.132812 0.101562
2 0.425781 0.269531 0.156250 0.109375
