2 0.587891 0.359375 0.261719 0.062500
2 0.558594 0.281250 0.132812 0.187500
2 0.404297 0.482422 0.082031 0.308594
2 0.513672 0.498047 0.128906 0.121094
2 0.541016 0.421875 0.214844 0.125000
2 0.689453 0.386719 0.167969 0.070312
2 0.384766 0.531250 0.144531 0.375000
2 0.429688 0.640625 0.125000 0.093750
2 0.464844 0.560547 0.132812 0.089844
2 0.328125 0.609375 0.109375 0.203125
2 0.623047 0.205078 0.097656 0.035156
2 0.654297 0.304688 0.121094 0.085938
2 0.478516 0.312500 0.089844 0.078125
2 0.341797 0.830078 0.160156 0.214844
