2 0.435547 0.531250 0.128906 0.109375
2 0.544922 0.576172 0.089844 0.121094
2 0.453125 0.619141 0.093750 0.027344
2 0.556641 0.492188 0.089844 0.062500
2 0.607422 0.541016 0.027344 0.128906
2 0.638672 0.529297 0.019531 0.089844
2 0.560547 0.421875 0.066406 0.062500
2 0.453125 0.593750 0.078125 0.000000
2 0.482422 0.462891 0.042969 0.042969
2 0.437500 0.468750 0.015625 0.031250
2 0.367188 0.501953 0.039062 0.066406
2 0.587891 0.386719 0.027344 0.031250
2 0.667969 0.390625 0.109375 0.031250
2 0.710938 0.359375 0.054688 0.000000
2 0.656250 0.373047 0.046875 0.019531
2 0.621094 0.449219 0.031250 0.054688
2 0.859375 0.402344 0.062500 0.031250
2 0.914062 0.402344 0.046875 0.039062
2 0.857422 0.343750 0.050781 0.031250
2 0.546875 0.210938 0.109375 0.031250
2 0.638672 0.248047 0.050781 0.074219
2 0.699219 0.234375 0.062500 0.031250
2 0.585938 0.253906 0.054688 0.046875
2 0.542969 0.234375 0.039062 0.031250
2 0.718750 0.294922 0.031250 0.019531
2 0.681641 0.265625 0.019531 0.031250
