2 0.634766 0.429688 0.292969 0.593750
2 0.400391 0.628906 0.191406 0.734375
2 0.656250 0.861328 0.328125 0.277344
2 0.689453 0.119141 0.207031 0.105469
2 0.828125 0.189453 0.062500 0.121094
2 0.304688 0.652344 0.164062 0.695312
2 0.117188 0.796875 0.226562 0.406250
2 0.109375 0.550781 0.210938 0.085938
2 0.839844 0.882812 0.132812 0.234375
2 0.550781 0.353516 0.296875 0.308594
2 0.558594 0.218750 0.218750 0.187500
2 0.656250 0.162109 0.234375 0.183594
2 0.728516 0.125000 0.191406 0.171875
2 0.812500 0.197266 0.195312 0.128906
2 0.195312 0.492188 0.164062 0.171875
