2 0.468750 0.203125 0.109375 0.031250
2 0.576172 0.210938 0.097656 0.031250
2 0.416016 0.343750 0.144531 0.031250
2 0.587891 0.335938 0.121094 0.039062
2 0.375000 0.589844 0.296875 0.078125
2 0.597656 0.566406 0.140625 0.062500
2 0.566406 0.669922 0.203125 0.128906
2 0.199219 0.621094 0.109375 0.132812
2 0.373047 0.822266 0.097656 0.167969
2 0.283203 0.871094 0.089844 0.132812
2 0.107422 0.656250 0.066406 0.109375
2 0.044922 0.716797 0.082031 0.089844
2 0.423828 0.437500 0.339844 0.078125
2 0.273438 0.515625 0.117188 0.062500
2 0.656250 0.416016 0.125000 0.058594
2 0.564453 0.134766 0.152344 0.042969
2 0.652344 0.109375 0.093750 0.031250
