1 0.421875 0.400391 0.125000 0.136719
1 0.500000 0.296875 0.171875 0.062500
1 0.498047 0.316406 0.128906 0.140625
1 0.658203 0.220703 0.066406 0.050781
1 0.718750 0.158203 0.046875 0.066406
1 0.595703 0.253906 0.058594 0.070312
1 0.326172 0.484375 0.058594 0.187500
1 0.357422 0.492188 0.113281 0.085938
1 0.404297 0.453125 0.105469 0.093750
1 0.468750 0.400391 0.109375 0.097656
1 0.259766 0.546875 0.074219 0.218750
1 0.255859 0.546875 0.144531 0.132812
1 0.185547 0.609375 0.058594 0.234375
1 0.087891 0.685547 0.167969 0.128906
1 0.126953 0.576172 0.058594 0.097656
1 0.109375 0.591797 0.109375 0.050781
1 0.033203 0.796875 0.058594 0.093750
1 0.107422 0.773438 0.097656 0.125000
1 0.041016 0.744141 0.074219 0.082031
1 0.042969 0.841797 0.078125 0.097656
1 0.308594 0.445312 0.093750 0.062500
1 0.224609 0.484375 0.066406 0.054688
1 0.421875 0.326172 0.093750 0.050781
1 0.371094 0.394531 0.093750 0.070312
1 0.228516 0.673828 0.089844 0.074219
1 0.154297 0.734375 0.089844 0.078125
1 0.628906 0.253906 0.070312 0.062500
1 0.585938 0.294922 0.062500 0.066406
1 0.515625 0.388672 0.078125 0.082031
1 0.353516 0.529297 0.082031 0.066406
