2 0.609375 0.511719 0.171875 0.406250
2 0.781250 0.494141 0.171875 0.363281
2 0.919922 0.500000 0.097656 0.328125
2 0.984375 0.511719 0.031250 0.304688
2 0.453125 0.554688 0.125000 0.429688
2 0.330078 0.597656 0.128906 0.367188
2 0.232422 0.626953 0.105469 0.308594
2 0.148438 0.664062 0.195312 0.320312
2 0.068359 0.662109 0.128906 0.230469
2 0.691406 0.648438 0.148438 0.109375
2 0.496094 0.699219 0.132812 0.101562
2 0.525391 0.367188 0.152344 0.109375
2 0.964844 0.250000 0.062500 0.046875
2 0.912109 0.263672 0.105469 0.042969
2 0.201172 0.023438 0.066406 0.031250
2 0.298828 0.128906 0.097656 0.031250
2 0.408203 0.439453 0.144531 0.175781
2 0.195312 0.158203 0.125000 0.042969
