2 0.609375 0.248047 0.265625 0.285156
2 0.335938 0.777344 0.375000 0.406250
2 0.482422 0.484375 0.253906 0.156250
2 0.419922 0.341797 0.097656 0.128906
2 0.652344 0.453125 0.085938 0.109375
2 0.304688 0.515625 0.101562 0.109375
2 0.552734 0.591797 0.144531 0.191406
2 0.169922 0.722656 0.160156 0.203125
2 0.251953 0.562500 0.128906 0.093750
2 0.546875 0.718750 0.140625 0.140625
2 0.482422 0.804688 0.144531 0.210938
2 0.742188 0.171875 0.125000 0.187500
2 0.667969 0.373047 0.117188 0.167969
2 0.611328 0.482422 0.136719 0.207031
2 0.173828 0.912109 0.199219 0.175781
2 0.375000 0.441406 0.148438 0.187500
2 0.039062 0.763672 0.070312 0.457031
2 0.556641 0.798828 0.121094 0.089844
