2 0.599609 0.335938 0.105469 0.062500
2 0.664062 0.335938 0.062500 0.062500
2 0.304688 0.423828 0.109375 0.035156
2 0.605469 0.607422 0.140625 0.074219
2 0.515625 0.609375 0.031250 0.046875
2 0.609375 0.654297 0.101562 0.097656
2 0.960938 0.525391 0.078125 0.097656
2 0.925781 0.507812 0.070312 0.062500
2 0.398438 0.406250 0.078125 0.046875
2 0.613281 0.582031 0.085938 0.070312
2 0.033203 0.447266 0.058594 0.035156
2 0.253906 0.550781 0.070312 0.078125
2 0.191406 0.181641 0.101562 0.035156
2 0.039062 0.312500 0.070312 0.039062
2 0.179688 0.656250 0.093750 0.078125
