2 0.359375 0.548828 0.093750 0.222656
2 0.449219 0.556641 0.078125 0.199219
2 0.470703 0.546875 0.089844 0.171875
2 0.517578 0.527344 0.066406 0.078125
2 0.304688 0.357422 0.132812 0.058594
2 0.140625 0.283203 0.125000 0.050781
2 0.230469 0.279297 0.117188 0.027344
2 0.419922 0.306641 0.074219 0.019531
2 0.523438 0.171875 0.210938 0.062500
2 0.404297 0.187500 0.019531 0.062500
2 0.451172 0.248047 0.027344 0.027344
2 0.472656 0.140625 0.046875 0.078125
2 0.890625 0.312500 0.046875 0.046875
2 0.937500 0.341797 0.031250 0.042969
2 0.978516 0.345703 0.042969 0.035156
2 0.626953 0.621094 0.035156 0.031250
