1 0.652344 0.357422 0.078125 0.128906
1 0.734375 0.468750 0.109375 0.218750
1 0.279297 0.560547 0.128906 0.167969
1 0.361328 0.617188 0.105469 0.078125
1 0.470703 0.617188 0.121094 0.062500
1 0.236328 0.222656 0.191406 0.078125
1 0.222656 0.392578 0.156250 0.144531
1 0.562500 0.281250 0.109375 0.046875
1 0.826172 0.503906 0.074219 0.117188
1 0.656250 0.578125 0.062500 0.109375
1 0.574219 0.593750 0.093750 0.093750
1 0.660156 0.718750 0.109375 0.156250
1 0.564453 0.869141 0.121094 0.097656
1 0.500000 0.037109 0.171875 0.066406
1 0.593750 0.097656 0.093750 0.085938
1 0.414062 0.289062 0.132812 0.101562
1 0.671875 0.884766 0.093750 0.074219
1 0.703125 0.593750 0.109375 0.093750
