2 0.259766 0.621094 0.511719 0.710938
2 0.701172 0.294922 0.332031 0.308594
2 0.609375 0.578125 0.187500 0.250000
2 0.906250 0.248047 0.078125 0.214844
2 0.750000 0.500000 0.093750 0.109375
2 0.578125 0.748047 0.125000 0.097656
2 0.673828 0.097656 0.097656 0.085938
2 0.410156 0.275391 0.367188 0.136719
2 0.710938 0.585938 0.132812 0.062500
2 0.687500 0.699219 0.078125 0.101562
2 0.509766 0.861328 0.128906 0.144531
2 0.968750 0.244141 0.062500 0.152344
2 0.748047 0.152344 0.113281 0.109375
2 0.796875 0.433594 0.101562 0.164062
2 0.906250 0.375000 0.085938 0.125000
2 0.884766 0.746094 0.105469 0.156250
