2 0.408203 0.117188 0.238281 0.125000
2 0.625000 0.230469 0.187500 0.273438
2 0.433594 0.298828 0.203125 0.222656
2 0.388672 0.437500 0.167969 0.078125
2 0.267578 0.533203 0.113281 0.089844
2 0.359375 0.486328 0.125000 0.089844
2 0.343750 0.828125 0.046875 0.109375
2 0.455078 0.031250 0.285156 0.054688
2 0.400391 0.939453 0.136719 0.121094
2 0.505859 0.923828 0.074219 0.066406
2 0.964844 0.886719 0.070312 0.171875
2 0.539062 0.361328 0.101562 0.097656
2 0.722656 0.240234 0.062500 0.222656
2 0.654297 0.367188 0.128906 0.078125
