1 0.187500 0.423828 0.109375 0.042969
1 0.455078 0.439453 0.121094 0.050781
1 0.560547 0.455078 0.066406 0.042969
1 0.599609 0.595703 0.292969 0.097656
1 0.355469 0.587891 0.179688 0.066406
1 0.603516 0.630859 0.175781 0.082031
1 0.099609 0.439453 0.082031 0.042969
1 0.107422 0.572266 0.207031 0.152344
1 0.800781 0.468750 0.125000 0.117188
1 0.589844 0.537109 0.132812 0.074219
1 0.685547 0.445312 0.121094 0.093750
1 0.414062 0.380859 0.125000 0.042969
1 0.294922 0.408203 0.074219 0.074219
1 0.435547 0.347656 0.105469 0.031250
