2 0.306641 0.484375 0.105469 0.281250
2 0.500000 0.406250 0.281250 0.187500
2 0.181641 0.486328 0.136719 0.167969
2 0.654297 0.562500 0.214844 0.109375
2 0.703125 0.343750 0.078125 0.078125
2 0.814453 0.609375 0.097656 0.156250
2 0.697266 0.666016 0.160156 0.121094
2 0.392578 0.533203 0.089844 0.113281
2 0.500000 0.500000 0.125000 0.078125
2 0.777344 0.326172 0.070312 0.082031
2 0.687500 0.447266 0.062500 0.074219
2 0.785156 0.486328 0.093750 0.066406
2 0.869141 0.359375 0.066406 0.140625
2 0.523438 0.580078 0.117188 0.066406
2 0.261719 0.605469 0.093750 0.101562
2 0.541016 0.330078 0.105469 0.113281
2 0.134766 0.484375 0.128906 0.109375
2 0.253906 0.402344 0.093750 0.101562
