2 0.466797 0.437500 0.121094 0.140625
2 0.546875 0.421875 0.046875 0.125000
2 0.572266 0.417969 0.089844 0.093750
2 0.625000 0.421875 0.109375 0.078125
2 0.384766 0.451172 0.042969 0.128906
2 0.335938 0.460938 0.054688 0.093750
2 0.406250 0.158203 0.140625 0.128906
2 0.263672 0.128906 0.160156 0.078125
2 0.187500 0.041016 0.109375 0.027344
2 0.166016 0.214844 0.082031 0.039062
2 0.421875 0.648438 0.062500 0.085938
2 0.517578 0.634766 0.128906 0.058594
2 0.388672 0.658203 0.074219 0.097656
2 0.359375 0.679688 0.093750 0.054688
2 0.687500 0.421875 0.062500 0.046875
2 0.341797 0.439453 0.121094 0.050781
2 0.671875 0.091797 0.062500 0.042969
2 0.060547 0.123047 0.113281 0.042969
2 0.511719 0.173828 0.062500 0.089844
