2 0.437500 0.513672 0.093750 0.214844
2 0.509766 0.587891 0.074219 0.089844
2 0.578125 0.623047 0.062500 0.089844
2 0.625000 0.656250 0.046875 0.093750
2 0.681641 0.681641 0.066406 0.058594
2 0.486328 0.761719 0.097656 0.070312
2 0.574219 0.703125 0.054688 0.046875
2 0.533203 0.703125 0.089844 0.031250
2 0.345703 0.554688 0.089844 0.062500
2 0.388672 0.453125 0.058594 0.046875
2 0.468750 0.435547 0.046875 0.058594
2 0.574219 0.796875 0.054688 0.062500
2 0.513672 0.810547 0.058594 0.027344
2 0.564453 0.591797 0.042969 0.074219
2 0.533203 0.634766 0.058594 0.050781
2 0.378906 0.587891 0.070312 0.050781
