2 0.328125 0.681641 0.187500 0.292969
2 0.500000 0.689453 0.171875 0.292969
2 0.654297 0.625000 0.121094 0.218750
2 0.742188 0.642578 0.062500 0.207031
2 0.642578 0.763672 0.121094 0.058594
2 0.751953 0.642578 0.128906 0.160156
2 0.800781 0.652344 0.101562 0.093750
2 0.255859 0.660156 0.128906 0.164062
2 0.250000 0.785156 0.101562 0.062500
2 0.244141 0.857422 0.066406 0.050781
2 0.189453 0.716797 0.152344 0.066406
2 0.205078 0.654297 0.097656 0.042969
2 0.355469 0.859375 0.156250 0.062500
2 0.453125 0.849609 0.070312 0.066406
2 0.503906 0.806641 0.054688 0.121094
2 0.568359 0.779297 0.128906 0.082031
2 0.691406 0.720703 0.101562 0.105469
2 0.298828 0.919922 0.066406 0.042969
2 0.357422 0.859375 0.089844 0.117188
2 0.285156 0.916016 0.093750 0.074219
2 0.605469 0.580078 0.109375 0.121094
