2 0.273438 0.447266 0.414062 0.339844
2 0.687500 0.375000 0.375000 0.734375
2 0.404297 0.214844 0.347656 0.375000
2 0.187500 0.281250 0.125000 0.312500
2 0.390625 0.658203 0.453125 0.097656
2 0.437500 0.765625 0.265625 0.109375
2 0.931641 0.341797 0.136719 0.347656
2 0.812500 0.763672 0.125000 0.097656
2 0.470703 0.839844 0.199219 0.078125
2 0.638672 0.769531 0.128906 0.109375
2 0.312500 0.712891 0.156250 0.113281
2 0.070312 0.443359 0.109375 0.363281
2 0.173828 0.625000 0.160156 0.117188
2 0.935547 0.537109 0.128906 0.128906
