2 0.591797 0.666016 0.066406 0.191406
2 0.562500 0.656250 0.109375 0.125000
2 0.654297 0.607422 0.042969 0.089844
2 0.673828 0.585938 0.050781 0.070312
2 0.687500 0.218750 0.062500 0.109375
2 0.744141 0.181641 0.042969 0.082031
2 0.869141 0.023438 0.050781 0.039062
2 0.017578 0.527344 0.027344 0.062500
2 0.859375 0.171875 0.062500 0.125000
2 0.679688 0.046875 0.070312 0.046875
2 0.916016 0.093750 0.050781 0.078125
2 0.822266 0.250000 0.105469 0.046875
2 0.578125 0.751953 0.078125 0.089844
2 0.570312 0.865234 0.093750 0.121094
2 0.750000 0.064453 0.093750 0.042969
