2 0.654297 0.791016 0.222656 0.097656
2 0.734375 0.603516 0.062500 0.167969
2 0.578125 0.421875 0.046875 0.140625
2 0.294922 0.103516 0.097656 0.121094
2 0.312500 0.218750 0.125000 0.093750
2 0.250000 0.451172 0.093750 0.214844
2 0.423828 0.634766 0.167969 0.089844
2 0.669922 0.423828 0.183594 0.152344
2 0.158203 0.625000 0.144531 0.156250
2 0.406250 0.720703 0.140625 0.082031
2 0.535156 0.751953 0.093750 0.121094
2 0.794922 0.654297 0.097656 0.175781
2 0.697266 0.839844 0.160156 0.085938
2 0.542969 0.283203 0.218750 0.121094
2 0.345703 0.294922 0.152344 0.097656
2 0.390625 0.220703 0.093750 0.105469
2 0.373047 0.136719 0.089844 0.093750
2 0.218750 0.156250 0.093750 0.125000
2 0.216797 0.294922 0.128906 0.128906
2 0.306641 0.041016 0.121094 0.074219
