1 0.328125 0.498047 0.125000 0.113281
1 0.453125 0.482422 0.125000 0.121094
1 0.562500 0.462891 0.062500 0.128906
1 0.656250 0.451172 0.140625 0.097656
1 0.779297 0.435547 0.089844 0.089844
1 0.962891 0.421875 0.074219 0.109375
1 0.875000 0.431641 0.093750 0.082031
1 0.500000 0.406250 0.046875 0.015625
1 0.367188 0.435547 0.039062 0.027344
1 0.423828 0.246094 0.066406 0.046875
1 0.542969 0.259766 0.148438 0.050781
1 0.478516 0.292969 0.183594 0.070312
1 0.761719 0.076172 0.156250 0.058594
1 0.906250 0.091797 0.140625 0.058594
