2 0.248047 0.105469 0.097656 0.179688
2 0.339844 0.187500 0.070312 0.281250
2 0.234375 0.384766 0.187500 0.457031
2 0.468750 0.453125 0.265625 0.234375
2 0.767578 0.345703 0.160156 0.183594
2 0.718750 0.609375 0.250000 0.062500
2 0.421875 0.244141 0.140625 0.167969
2 0.544922 0.296875 0.121094 0.156250
2 0.156250 0.353516 0.078125 0.191406
2 0.830078 0.509766 0.097656 0.128906
2 0.648438 0.484375 0.085938 0.156250
2 0.843750 0.357422 0.187500 0.136719
2 0.679688 0.685547 0.109375 0.089844
2 0.734375 0.748047 0.156250 0.097656
2 0.792969 0.843750 0.140625 0.078125
2 0.810547 0.921875 0.121094 0.078125
2 0.843750 0.568359 0.156250 0.113281
2 0.779297 0.765625 0.128906 0.078125
2 0.535156 0.529297 0.164062 0.191406
2 0.228516 0.482422 0.183594 0.167969
2 0.562500 0.822266 0.125000 0.355469
2 0.169922 0.357422 0.261719 0.042969
2 0.386719 0.535156 0.140625 0.179688
2 0.914062 0.470703 0.101562 0.136719
2 0.658203 0.275391 0.152344 0.074219
