1 0.423828 0.263672 0.324219 0.285156
1 0.179688 0.314453 0.156250 0.183594
1 0.140625 0.486328 0.109375 0.386719
1 0.388672 0.511719 0.378906 0.218750
1 0.625000 0.343750 0.062500 0.312500
1 0.667969 0.400391 0.085938 0.394531
1 0.607422 0.535156 0.097656 0.132812
1 0.224609 0.654297 0.238281 0.097656
1 0.736328 0.441406 0.105469 0.382812
1 0.808594 0.476562 0.093750 0.343750
1 0.890625 0.511719 0.109375 0.343750
1 0.753906 0.705078 0.171875 0.128906
1 0.916016 0.843750 0.167969 0.312500
1 0.773438 0.830078 0.125000 0.113281
1 0.787109 0.886719 0.121094 0.078125
1 0.408203 0.087891 0.191406 0.058594
1 0.511719 0.113281 0.156250 0.085938
1 0.949219 0.558594 0.101562 0.351562
1 0.080078 0.462891 0.152344 0.167969
1 0.070312 0.589844 0.132812 0.070312
1 0.208984 0.220703 0.105469 0.121094
1 0.425781 0.591797 0.148438 0.128906
