2 0.423828 0.669922 0.285156 0.222656
2 0.597656 0.451172 0.171875 0.222656
2 0.455078 0.498047 0.097656 0.136719
2 0.343750 0.808594 0.125000 0.054688
2 0.355469 0.691406 0.296875 0.218750
2 0.605469 0.625000 0.109375 0.328125
2 0.652344 0.330078 0.203125 0.207031
2 0.675781 0.498047 0.140625 0.214844
2 0.566406 0.369141 0.117188 0.183594
2 0.648438 0.259766 0.093750 0.144531
2 0.498047 0.445312 0.121094 0.171875
2 0.419922 0.556641 0.144531 0.207031
2 0.353516 0.578125 0.097656 0.171875
2 0.330078 0.857422 0.152344 0.128906
2 0.476562 0.820312 0.148438 0.078125
2 0.437500 0.435547 0.101562 0.144531
