2 0.539062 0.386719 0.187500 0.054688
2 0.589844 0.482422 0.117188 0.136719
2 0.662109 0.480469 0.082031 0.125000
2 0.714844 0.517578 0.085938 0.105469
2 0.806641 0.498047 0.097656 0.058594
2 0.882812 0.507812 0.054688 0.093750
2 0.945312 0.488281 0.101562 0.046875
2 0.794922 0.773438 0.175781 0.078125
2 0.523438 0.505859 0.085938 0.089844
2 0.892578 0.966797 0.214844 0.058594
2 0.732422 0.740234 0.058594 0.066406
2 0.789062 0.806641 0.054688 0.066406
2 0.902344 0.783203 0.054688 0.058594
2 0.939453 0.253906 0.121094 0.093750
2 0.970703 0.302734 0.058594 0.074219
2 0.943359 0.064453 0.105469 0.089844
