2 0.533203 0.673828 0.097656 0.105469
2 0.607422 0.667969 0.121094 0.085938
2 0.664062 0.630859 0.125000 0.050781
2 0.453125 0.681641 0.062500 0.058594
2 0.253906 0.767578 0.164062 0.074219
2 0.398438 0.703125 0.109375 0.062500
2 0.792969 0.626953 0.117188 0.050781
2 0.490234 0.675781 0.082031 0.085938
2 0.355469 0.728516 0.195312 0.058594
2 0.560547 0.724609 0.113281 0.058594
2 0.687500 0.658203 0.078125 0.058594
2 0.246094 0.810547 0.125000 0.042969
2 0.312500 0.914062 0.289062 0.132812
2 0.412109 0.843750 0.128906 0.148438
