1 0.554688 0.484375 0.093750 0.250000
1 0.671875 0.562500 0.140625 0.203125
1 0.417969 0.470703 0.171875 0.136719
1 0.210938 0.486328 0.242188 0.246094
1 0.492188 0.621094 0.195312 0.179688
1 0.802734 0.539062 0.160156 0.187500
1 0.632812 0.414062 0.062500 0.132812
1 0.669922 0.707031 0.207031 0.148438
1 0.900391 0.535156 0.089844 0.093750
1 0.064453 0.525391 0.121094 0.269531
1 0.255859 0.195312 0.253906 0.093750
1 0.111328 0.205078 0.089844 0.082031
1 0.763672 0.076172 0.160156 0.066406
1 0.923828 0.064453 0.152344 0.058594
1 0.373047 0.564453 0.128906 0.113281
1 0.449219 0.419922 0.226562 0.082031
