1 0.281250 0.654297 0.281250 0.308594
1 0.453125 0.478516 0.437500 0.074219
1 0.505859 0.570312 0.230469 0.117188
1 0.498047 0.425781 0.332031 0.085938
1 0.615234 0.359375 0.378906 0.078125
1 0.671875 0.314453 0.187500 0.066406
1 0.718750 0.382812 0.156250 0.101562
1 0.683594 0.466797 0.101562 0.089844
1 0.476562 0.726562 0.156250 0.203125
1 0.101562 0.677734 0.109375 0.183594
1 0.318359 0.828125 0.207031 0.062500
1 0.828125 0.357422 0.039062 0.066406
1 0.863281 0.337891 0.039062 0.074219
1 0.634766 0.541016 0.066406 0.074219
