1 0.199219 0.166016 0.195312 0.167969
1 0.341797 0.251953 0.074219 0.277344
1 0.232422 0.343750 0.152344 0.187500
1 0.406250 0.250000 0.046875 0.187500
1 0.437500 0.275391 0.109375 0.144531
1 0.525391 0.480469 0.292969 0.250000
1 0.513672 0.294922 0.035156 0.105469
1 0.558594 0.306641 0.093750 0.082031
1 0.296875 0.447266 0.140625 0.191406
1 0.636719 0.673828 0.351562 0.144531
1 0.703125 0.492188 0.046875 0.195312
1 0.654297 0.513672 0.191406 0.191406
1 0.673828 0.744141 0.363281 0.183594
1 0.718750 0.908203 0.296875 0.183594
1 0.179688 0.392578 0.140625 0.089844
1 0.111328 0.156250 0.089844 0.171875
1 0.929688 0.919922 0.109375 0.160156
1 0.746094 0.597656 0.070312 0.226562
