2 0.232422 0.570312 0.449219 0.234375
2 0.439453 0.343750 0.425781 0.203125
2 0.535156 0.242188 0.257812 0.093750
2 0.550781 0.195312 0.148438 0.093750
2 0.699219 0.421875 0.085938 0.359375
2 0.541016 0.548828 0.230469 0.199219
2 0.759766 0.451172 0.136719 0.363281
2 0.808594 0.507812 0.125000 0.328125
2 0.865234 0.576172 0.074219 0.136719
2 0.701172 0.625000 0.074219 0.046875
2 0.228516 0.328125 0.175781 0.171875
2 0.775391 0.623047 0.105469 0.082031
2 0.275391 0.707031 0.238281 0.093750
2 0.076172 0.228516 0.121094 0.441406
2 0.193359 0.085938 0.128906 0.156250
2 0.308594 0.060547 0.148438 0.113281
2 0.574219 0.158203 0.093750 0.082031
