2 0.560547 0.576172 0.074219 0.183594
2 0.625000 0.578125 0.062500 0.187500
2 0.718750 0.562500 0.109375 0.187500
2 0.792969 0.578125 0.046875 0.125000
2 0.841797 0.580078 0.089844 0.097656
2 0.498047 0.578125 0.027344 0.140625
2 0.494141 0.554688 0.082031 0.078125
2 0.416016 0.578125 0.066406 0.031250
2 0.494141 0.636719 0.066406 0.078125
2 0.314453 0.703125 0.121094 0.062500
2 0.263672 0.705078 0.074219 0.058594
2 0.312500 0.589844 0.125000 0.031250
2 0.464844 0.650391 0.078125 0.058594
2 0.166016 0.593750 0.152344 0.046875
2 0.373047 0.628906 0.042969 0.046875
