2 0.369141 0.109375 0.355469 0.109375
2 0.498047 0.357422 0.230469 0.378906
2 0.531250 0.669922 0.312500 0.238281
2 0.460938 0.890625 0.359375 0.203125
2 0.164062 0.128906 0.218750 0.085938
2 0.427734 0.046875 0.222656 0.078125
2 0.343750 0.623047 0.125000 0.371094
2 0.750000 0.875000 0.250000 0.218750
2 0.744141 0.683594 0.144531 0.210938
2 0.619141 0.423828 0.167969 0.339844
2 0.355469 0.169922 0.125000 0.082031
2 0.384766 0.316406 0.105469 0.187500
2 0.550781 0.146484 0.078125 0.152344
2 0.279297 0.394531 0.113281 0.062500
