1 0.500000 0.390625 0.203125 0.046875
1 0.337891 0.546875 0.089844 0.265625
1 0.412109 0.503906 0.144531 0.242188
1 0.533203 0.455078 0.167969 0.097656
1 0.667969 0.375000 0.132812 0.062500
1 0.263672 0.587891 0.066406 0.253906
1 0.447266 0.656250 0.121094 0.062500
1 0.574219 0.609375 0.273438 0.109375
1 0.669922 0.525391 0.175781 0.082031
1 0.779297 0.591797 0.089844 0.035156
1 0.203125 0.619141 0.078125 0.183594
1 0.160156 0.638672 0.093750 0.074219
1 0.794922 0.572266 0.089844 0.066406
1 0.355469 0.671875 0.210938 0.093750
