2 0.392578 0.515625 0.113281 0.171875
2 0.507812 0.544922 0.156250 0.167969
2 0.634766 0.529297 0.097656 0.089844
2 0.716797 0.525391 0.066406 0.066406
2 0.750000 0.521484 0.093750 0.050781
2 0.582031 0.570312 0.101562 0.070312
2 0.324219 0.527344 0.039062 0.117188
2 0.853516 0.470703 0.058594 0.035156
2 0.939453 0.486328 0.121094 0.058594
2 0.826172 0.792969 0.347656 0.289062
2 0.625000 0.794922 0.062500 0.261719
2 0.595703 0.851562 0.113281 0.125000
2 0.861328 0.664062 0.199219 0.093750
2 0.919922 0.968750 0.152344 0.062500
2 0.779297 0.890625 0.214844 0.148438
2 0.648438 0.332031 0.101562 0.039062
2 0.732422 0.400391 0.144531 0.042969
2 0.587891 0.394531 0.128906 0.039062
