2 0.447266 0.187500 0.121094 0.140625
2 0.460938 0.328125 0.125000 0.125000
2 0.496094 0.496094 0.132812 0.109375
2 0.806641 0.232422 0.128906 0.371094
2 0.611328 0.390625 0.074219 0.218750
2 0.501953 0.408203 0.121094 0.121094
2 0.453125 0.556641 0.093750 0.199219
2 0.554688 0.667969 0.156250 0.093750
2 0.250000 0.875000 0.093750 0.062500
2 0.279297 0.734375 0.050781 0.093750
2 0.312500 0.638672 0.062500 0.089844
2 0.867188 0.437500 0.195312 0.156250
2 0.816406 0.585938 0.062500 0.203125
2 0.919922 0.585938 0.152344 0.195312
2 0.826172 0.042969 0.144531 0.078125
2 0.687500 0.111328 0.109375 0.191406
2 0.492188 0.189453 0.078125 0.089844
2 0.531250 0.218750 0.093750 0.093750
2 0.626953 0.638672 0.058594 0.269531
2 0.683594 0.390625 0.132812 0.078125
2 0.625000 0.017578 0.265625 0.027344
2 0.718750 0.316406 0.046875 0.148438
2 0.689453 0.220703 0.128906 0.066406
2 0.218750 0.962891 0.093750 0.066406
2 0.437500 0.419922 0.109375 0.113281
2 0.429688 0.697266 0.078125 0.105469
2 0.890625 0.308594 0.109375 0.382812
2 0.695312 0.472656 0.101562 0.093750
