2 0.345703 0.525391 0.136719 0.136719
2 0.472656 0.597656 0.109375 0.234375
2 0.525391 0.617188 0.074219 0.273438
2 0.591797 0.568359 0.042969 0.089844
2 0.654297 0.664062 0.175781 0.125000
2 0.376953 0.646484 0.097656 0.097656
2 0.378906 0.441406 0.093750 0.039062
2 0.267578 0.523438 0.089844 0.101562
2 0.833984 0.646484 0.089844 0.183594
2 0.603516 0.751953 0.097656 0.074219
2 0.736328 0.683594 0.089844 0.093750
2 0.640625 0.595703 0.085938 0.089844
2 0.892578 0.806641 0.074219 0.121094
2 0.738281 0.775391 0.125000 0.089844
2 0.740234 0.576172 0.113281 0.113281
2 0.617188 0.535156 0.109375 0.070312
2 0.169922 0.589844 0.082031 0.046875
