2 0.291016 0.500000 0.261719 0.156250
2 0.296875 0.437500 0.187500 0.093750
2 0.574219 0.525391 0.281250 0.113281
2 0.279297 0.607422 0.308594 0.097656
2 0.523438 0.593750 0.171875 0.078125
2 0.060547 0.705078 0.113281 0.214844
2 0.187500 0.671875 0.234375 0.109375
2 0.623047 0.453125 0.230469 0.140625
2 0.828125 0.296875 0.125000 0.062500
2 0.900391 0.283203 0.152344 0.066406
2 0.828125 0.343750 0.062500 0.031250
2 0.171875 0.734375 0.171875 0.078125
2 0.357422 0.609375 0.136719 0.203125
2 0.515625 0.353516 0.203125 0.050781
