2 0.136719 0.462891 0.125000 0.371094
2 0.291016 0.398438 0.222656 0.210938
2 0.669922 0.578125 0.121094 0.328125
2 0.541016 0.736328 0.269531 0.144531
2 0.910156 0.843750 0.171875 0.093750
2 0.785156 0.480469 0.140625 0.109375
2 0.888672 0.519531 0.175781 0.117188
2 0.048828 0.517578 0.089844 0.199219
2 0.203125 0.566406 0.109375 0.164062
2 0.357422 0.292969 0.105469 0.078125
2 0.513672 0.298828 0.207031 0.097656
2 0.560547 0.376953 0.082031 0.089844
2 0.531250 0.558594 0.226562 0.210938
2 0.777344 0.580078 0.156250 0.128906
2 0.943359 0.841797 0.113281 0.167969
2 0.619141 0.927734 0.285156 0.144531
2 0.773438 0.867188 0.156250 0.062500
2 0.521484 0.810547 0.160156 0.082031
2 0.404297 0.765625 0.089844 0.101562
