1 0.718750 0.279297 0.203125 0.097656
1 0.544922 0.304688 0.128906 0.117188
1 0.435547 0.343750 0.089844 0.125000
1 0.355469 0.388672 0.164062 0.097656
1 0.562500 0.421875 0.156250 0.093750
1 0.677734 0.332031 0.183594 0.085938
1 0.546875 0.484375 0.156250 0.109375
1 0.498047 0.578125 0.050781 0.062500
1 0.453125 0.656250 0.078125 0.140625
1 0.369141 0.734375 0.089844 0.203125
1 0.421875 0.734375 0.093750 0.078125
1 0.310547 0.750000 0.136719 0.109375
1 0.126953 0.859375 0.246094 0.265625
1 0.312500 0.873047 0.187500 0.128906
1 0.275391 0.962891 0.214844 0.074219
1 0.339844 0.705078 0.125000 0.105469
