1 0.576172 0.546875 0.183594 0.203125
1 0.417969 0.531250 0.140625 0.109375
1 0.652344 0.410156 0.140625 0.078125
1 0.693359 0.488281 0.082031 0.109375
1 0.580078 0.669922 0.136719 0.105469
1 0.562500 0.771484 0.101562 0.089844
1 0.417969 0.849609 0.257812 0.082031
1 0.748047 0.203125 0.066406 0.046875
1 0.328125 0.531250 0.140625 0.070312
1 0.802734 0.037109 0.128906 0.066406
1 0.792969 0.125000 0.070312 0.109375
1 0.583984 0.443359 0.136719 0.097656
1 0.699219 0.363281 0.078125 0.070312
1 0.179688 0.972656 0.210938 0.054688
1 0.027344 0.908203 0.046875 0.113281
1 0.214844 0.748047 0.109375 0.050781
1 0.460938 0.582031 0.109375 0.062500
