2 0.322266 0.269531 0.144531 0.023438
2 0.492188 0.388672 0.179688 0.246094
2 0.648438 0.529297 0.132812 0.253906
2 0.751953 0.566406 0.082031 0.132812
2 0.785156 0.576172 0.093750 0.113281
2 0.574219 0.349609 0.085938 0.113281
2 0.572266 0.509766 0.160156 0.136719
2 0.351562 0.357422 0.101562 0.136719
2 0.447266 0.234375 0.113281 0.062500
2 0.919922 0.785156 0.066406 0.109375
2 0.218750 0.296875 0.062500 0.093750
2 0.830078 0.595703 0.089844 0.089844
2 0.419922 0.373047 0.152344 0.199219
2 0.318359 0.240234 0.144531 0.105469
2 0.289062 0.320312 0.093750 0.101562
2 0.644531 0.658203 0.085938 0.066406
