2 0.828125 0.373047 0.140625 0.253906
2 0.718750 0.544922 0.125000 0.472656
2 0.814453 0.562500 0.066406 0.140625
2 0.607422 0.687500 0.121094 0.500000
2 0.898438 0.230469 0.093750 0.039062
2 0.900391 0.353516 0.105469 0.207031
2 0.482422 0.714844 0.128906 0.320312
2 0.373047 0.761719 0.082031 0.242188
2 0.480469 0.906250 0.132812 0.046875
2 0.718750 0.791016 0.125000 0.152344
2 0.765625 0.634766 0.140625 0.082031
2 0.431641 0.654297 0.144531 0.105469
2 0.556641 0.587891 0.105469 0.144531
2 0.669922 0.439453 0.136719 0.167969
2 0.750000 0.316406 0.078125 0.101562
2 0.640625 0.875000 0.156250 0.125000
2 0.150391 0.142578 0.167969 0.167969
2 0.263672 0.093750 0.089844 0.109375
2 0.048828 0.167969 0.089844 0.203125
2 0.119141 0.216797 0.089844 0.082031
2 0.611328 0.955078 0.191406 0.089844
2 0.328125 0.753906 0.093750 0.171875
2 0.839844 0.517578 0.093750 0.121094
2 0.765625 0.703125 0.093750 0.125000
2 0.281250 0.048828 0.109375 0.082031
2 0.222656 0.136719 0.078125 0.093750
2 0.669922 0.378906 0.105469 0.109375
2 0.406250 0.894531 0.101562 0.070312
