2 0.431641 0.107422 0.097656 0.058594
2 0.341797 0.117188 0.066406 0.046875
2 0.296875 0.111328 0.078125 0.042969
2 0.597656 0.244141 0.179688 0.082031
2 0.812500 0.156250 0.265625 0.046875
2 0.828125 0.117188 0.218750 0.031250
2 0.283203 0.410156 0.128906 0.085938
2 0.187500 0.460938 0.062500 0.070312
2 0.248047 0.480469 0.066406 0.031250
2 0.222656 0.435547 0.070312 0.058594
2 0.064453 0.248047 0.121094 0.121094
2 0.171875 0.220703 0.093750 0.128906
2 0.248047 0.205078 0.058594 0.097656
2 0.296875 0.212891 0.031250 0.058594
2 0.511719 0.625000 0.109375 0.187500
2 0.423828 0.625000 0.121094 0.093750
2 0.232422 0.699219 0.074219 0.117188
2 0.156250 0.734375 0.062500 0.109375
2 0.398438 0.888672 0.187500 0.214844
2 0.500000 0.750000 0.125000 0.046875
2 0.529297 0.812500 0.066406 0.062500
2 0.562500 0.921875 0.078125 0.156250
2 0.625000 0.937500 0.046875 0.125000
2 0.503906 0.951172 0.031250 0.097656
2 0.263672 0.906250 0.074219 0.187500
2 0.181641 0.921875 0.089844 0.125000
2 0.085938 0.951172 0.093750 0.097656
