2 0.449219 0.609375 0.742188 0.625000
2 0.423828 0.343750 0.378906 0.250000
2 0.824219 0.158203 0.351562 0.253906
2 0.871094 0.529297 0.093750 0.214844
2 0.384766 0.919922 0.605469 0.152344
2 0.632812 0.205078 0.296875 0.214844
2 0.466797 0.228516 0.191406 0.152344
2 0.226562 0.298828 0.195312 0.152344
2 0.845703 0.355469 0.136719 0.234375
2 0.714844 0.851562 0.226562 0.296875
2 0.097656 0.388672 0.171875 0.207031
2 0.146484 0.306641 0.152344 0.121094
2 0.304688 0.232422 0.179688 0.089844
2 0.501953 0.171875 0.136719 0.117188
2 0.667969 0.132812 0.187500 0.164062
