2 0.281250 0.298828 0.179688 0.191406
2 0.419922 0.191406 0.082031 0.093750
2 0.314453 0.158203 0.105469 0.089844
2 0.503906 0.435547 0.062500 0.089844
2 0.580078 0.361328 0.058594 0.066406
2 0.822266 0.513672 0.058594 0.066406
2 0.130859 0.654297 0.253906 0.519531
2 0.400391 0.308594 0.089844 0.179688
2 0.460938 0.431641 0.070312 0.074219
2 0.607422 0.339844 0.066406 0.070312
2 0.550781 0.433594 0.046875 0.125000
2 0.294922 0.757812 0.128906 0.234375
2 0.867188 0.814453 0.062500 0.097656
2 0.837891 0.621094 0.042969 0.140625
2 0.843750 0.937500 0.226562 0.117188
