2 0.466797 0.390625 0.527344 0.250000
2 0.250000 0.759766 0.296875 0.480469
2 0.531250 0.648438 0.265625 0.265625
2 0.544922 0.216797 0.300781 0.128906
2 0.732422 0.468750 0.160156 0.296875
2 0.210938 0.406250 0.125000 0.218750
2 0.091797 0.792969 0.097656 0.382812
2 0.259766 0.250000 0.167969 0.125000
2 0.843750 0.500000 0.156250 0.156250
2 0.523438 0.136719 0.109375 0.148438
2 0.478516 0.828125 0.175781 0.125000
2 0.197266 0.529297 0.199219 0.175781
2 0.638672 0.181641 0.128906 0.105469
2 0.466797 0.166016 0.097656 0.113281
2 0.128906 0.603516 0.140625 0.160156
