2 0.279297 0.294922 0.183594 0.347656
2 0.417969 0.431641 0.085938 0.527344
2 0.560547 0.462891 0.191406 0.457031
2 0.701172 0.482422 0.089844 0.441406
2 0.326172 0.576172 0.089844 0.222656
2 0.273438 0.451172 0.109375 0.113281
2 0.167969 0.281250 0.031250 0.281250
2 0.179688 0.261719 0.109375 0.179688
2 0.449219 0.207031 0.109375 0.101562
2 0.324219 0.087891 0.093750 0.066406
2 0.250000 0.095703 0.046875 0.042969
2 0.664062 0.685547 0.164062 0.175781
2 0.560547 0.679688 0.175781 0.234375
2 0.441406 0.662109 0.132812 0.113281
2 0.341797 0.660156 0.175781 0.117188
