1 0.830078 0.445312 0.097656 0.125000
1 0.730469 0.517578 0.101562 0.082031
1 0.648438 0.492188 0.093750 0.140625
1 0.810547 0.535156 0.058594 0.046875
1 0.548828 0.544922 0.082031 0.191406
1 0.500000 0.707031 0.226562 0.281250
1 0.375000 0.712891 0.148438 0.269531
1 0.640625 0.705078 0.085938 0.285156
1 0.289062 0.705078 0.070312 0.222656
1 0.683594 0.689453 0.070312 0.167969
1 0.455078 0.904297 0.394531 0.191406
1 0.291016 0.949219 0.160156 0.101562
1 0.175781 0.976562 0.125000 0.046875
1 0.710938 0.576172 0.062500 0.074219
