2 0.375000 0.369141 0.187500 0.363281
2 0.593750 0.398438 0.250000 0.296875
2 0.218750 0.437500 0.125000 0.156250
2 0.033203 0.185547 0.058594 0.066406
2 0.500000 0.265625 0.156250 0.140625
2 0.640625 0.277344 0.109375 0.148438
2 0.759766 0.367188 0.113281 0.250000
2 0.902344 0.765625 0.093750 0.156250
2 0.937500 0.742188 0.109375 0.117188
2 0.326172 0.171875 0.105469 0.046875
2 0.250000 0.265625 0.062500 0.171875
2 0.470703 0.031250 0.207031 0.054688
2 0.621094 0.523438 0.148438 0.062500
2 0.148438 0.449219 0.070312 0.117188
2 0.078125 0.166016 0.093750 0.050781
2 0.732422 0.560547 0.113281 0.128906
2 0.812500 0.406250 0.062500 0.156250
2 0.843750 0.750000 0.078125 0.125000
2 0.500000 0.169922 0.078125 0.097656
