2 0.324219 0.324219 0.179688 0.210938
2 0.437500 0.457031 0.085938 0.226562
2 0.505859 0.421875 0.089844 0.093750
2 0.388672 0.478516 0.058594 0.082031
2 0.291016 0.449219 0.128906 0.078125
2 0.189453 0.316406 0.089844 0.125000
2 0.269531 0.166016 0.062500 0.105469
2 0.554688 0.589844 0.070312 0.093750
2 0.599609 0.667969 0.050781 0.179688
2 0.656250 0.753906 0.062500 0.109375
2 0.722656 0.779297 0.101562 0.128906
2 0.650391 0.025391 0.128906 0.042969
2 0.953125 0.220703 0.093750 0.105469
2 0.574219 0.041016 0.093750 0.058594
2 0.425781 0.257812 0.085938 0.101562
2 0.763672 0.105469 0.074219 0.101562
2 0.851562 0.039062 0.117188 0.070312
2 0.339844 0.230469 0.109375 0.085938
