1 0.312500 0.699219 0.234375 0.125000
1 0.484375 0.650391 0.125000 0.058594
1 0.888672 0.669922 0.113281 0.089844
1 0.816406 0.478516 0.179688 0.058594
1 0.710938 0.515625 0.078125 0.046875
1 0.312500 0.636719 0.203125 0.078125
1 0.158203 0.701172 0.136719 0.097656
1 0.611328 0.636719 0.121094 0.078125
1 0.828125 0.689453 0.062500 0.066406
1 0.947266 0.673828 0.058594 0.097656
1 0.654297 0.593750 0.066406 0.078125
1 0.482422 0.605469 0.074219 0.046875
1 0.509766 0.701172 0.097656 0.066406
1 0.744141 0.322266 0.105469 0.042969
1 0.064453 0.720703 0.121094 0.058594
