2 0.716797 0.468750 0.089844 0.218750
2 0.779297 0.500000 0.058594 0.171875
2 0.841797 0.500000 0.058594 0.164062
2 0.902344 0.515625 0.062500 0.140625
2 0.964844 0.525391 0.062500 0.121094
2 0.660156 0.490234 0.085938 0.113281
2 0.388672 0.484375 0.035156 0.093750
2 0.345703 0.494141 0.035156 0.089844
2 0.287109 0.498047 0.074219 0.066406
2 0.199219 0.498047 0.101562 0.082031
2 0.123047 0.531250 0.066406 0.031250
2 0.062500 0.523438 0.046875 0.031250
2 0.419922 0.486328 0.058594 0.082031
2 0.472656 0.472656 0.039062 0.070312
2 0.025391 0.515625 0.027344 0.015625
2 0.605469 0.509766 0.023438 0.050781
2 0.730469 0.343750 0.031250 0.031250
2 0.812500 0.341797 0.031250 0.050781
2 0.791016 0.402344 0.042969 0.046875
