2 0.210938 0.656250 0.406250 0.234375
2 0.248047 0.515625 0.332031 0.062500
2 0.324219 0.460938 0.320312 0.062500
2 0.400391 0.417969 0.214844 0.070312
2 0.550781 0.503906 0.109375 0.242188
2 0.447266 0.572266 0.136719 0.175781
2 0.453125 0.687500 0.093750 0.062500
2 0.136719 0.869141 0.265625 0.175781
2 0.203125 0.875000 0.078125 0.203125
2 0.296875 0.839844 0.109375 0.117188
2 0.330078 0.792969 0.152344 0.070312
2 0.263672 0.878906 0.089844 0.109375
2 0.113281 0.951172 0.218750 0.097656
2 0.732422 0.408203 0.316406 0.074219
2 0.773438 0.330078 0.164062 0.105469
2 0.925781 0.421875 0.148438 0.187500
2 0.681641 0.500000 0.199219 0.093750
2 0.814453 0.478516 0.089844 0.074219
