2 0.554688 0.742188 0.156250 0.140625
2 0.623047 0.750000 0.128906 0.093750
2 0.435547 0.714844 0.128906 0.078125
2 0.343750 0.720703 0.031250 0.058594
2 0.763672 0.968750 0.128906 0.062500
2 0.642578 0.964844 0.121094 0.054688
2 0.066406 0.908203 0.125000 0.082031
2 0.748047 0.824219 0.082031 0.054688
2 0.785156 0.671875 0.062500 0.046875
2 0.080078 0.705078 0.152344 0.066406
2 0.316406 0.796875 0.109375 0.046875
2 0.429688 0.867188 0.101562 0.218750
2 0.037109 0.964844 0.066406 0.070312
2 0.417969 0.578125 0.101562 0.046875
2 0.431641 0.642578 0.082031 0.058594
2 0.650391 0.652344 0.074219 0.046875
2 0.605469 0.447266 0.125000 0.066406
