2 0.367188 0.767578 0.140625 0.207031
2 0.214844 0.843750 0.156250 0.140625
2 0.263672 0.736328 0.066406 0.074219
2 0.201172 0.783203 0.050781 0.097656
2 0.296875 0.718750 0.078125 0.093750
2 0.373047 0.669922 0.082031 0.082031
2 0.628906 0.687500 0.187500 0.234375
2 0.484375 0.728516 0.109375 0.175781
2 0.835938 0.558594 0.312500 0.031250
2 0.861328 0.669922 0.269531 0.191406
2 0.750000 0.783203 0.046875 0.042969
2 0.425781 0.816406 0.093750 0.070312
2 0.554688 0.677734 0.117188 0.144531
2 0.876953 0.517578 0.238281 0.050781
2 0.773438 0.585938 0.078125 0.132812
2 0.966797 0.533203 0.066406 0.105469
2 0.316406 0.873047 0.109375 0.074219
