2 0.291016 0.468750 0.144531 0.093750
2 0.400391 0.494141 0.074219 0.121094
2 0.429688 0.466797 0.179688 0.058594
2 0.546875 0.468750 0.062500 0.046875
2 0.468750 0.558594 0.062500 0.039062
2 0.529297 0.562500 0.050781 0.031250
2 0.578125 0.562500 0.046875 0.031250
2 0.626953 0.576172 0.035156 0.027344
2 0.671875 0.578125 0.031250 0.031250
2 0.574219 0.476562 0.109375 0.046875
2 0.654297 0.484375 0.050781 0.046875
2 0.683594 0.494141 0.085938 0.050781
2 0.750000 0.503906 0.062500 0.031250
2 0.765625 0.511719 0.093750 0.031250
2 0.236328 0.478516 0.089844 0.058594
2 0.498047 0.634766 0.097656 0.050781
2 0.468750 0.628906 0.078125 0.031250
2 0.140625 0.843750 0.093750 0.062500
2 0.888672 0.220703 0.074219 0.027344
2 0.279297 0.972656 0.105469 0.046875
2 0.712891 0.388672 0.136719 0.058594
