1 0.640625 0.599609 0.187500 0.089844
1 0.751953 0.617188 0.074219 0.109375
1 0.625000 0.750000 0.093750 0.171875
1 0.679688 0.673828 0.109375 0.097656
1 0.544922 0.763672 0.066406 0.121094
1 0.462891 0.767578 0.097656 0.097656
1 0.111328 0.716797 0.097656 0.113281
1 0.185547 0.763672 0.121094 0.128906
1 0.265625 0.791016 0.031250 0.097656
1 0.310547 0.792969 0.050781 0.062500
1 0.414062 0.769531 0.093750 0.078125
1 0.142578 0.882812 0.058594 0.218750
1 0.195312 0.904297 0.101562 0.191406
1 0.466797 0.275391 0.082031 0.058594
1 0.580078 0.357422 0.066406 0.042969
1 0.640625 0.400391 0.046875 0.097656
1 0.683594 0.410156 0.031250 0.093750
1 0.718750 0.451172 0.031250 0.035156
1 0.533203 0.306641 0.058594 0.082031
1 0.632812 0.525391 0.093750 0.066406
1 0.724609 0.507812 0.113281 0.039062
1 0.562500 0.625000 0.109375 0.062500
1 0.726562 0.673828 0.070312 0.074219
1 0.652344 0.750000 0.093750 0.156250
