2 0.558594 0.093750 0.054688 0.078125
2 0.611328 0.099609 0.058594 0.082031
2 0.642578 0.126953 0.144531 0.066406
2 0.525391 0.101562 0.074219 0.054688
2 0.572266 0.468750 0.175781 0.296875
2 0.714844 0.472656 0.109375 0.289062
2 0.751953 0.488281 0.097656 0.242188
2 0.810547 0.503906 0.066406 0.132812
2 0.390625 0.435547 0.187500 0.246094
2 0.558594 0.318359 0.125000 0.089844
2 0.359375 0.626953 0.148438 0.136719
2 0.595703 0.748047 0.214844 0.253906
2 0.593750 0.863281 0.265625 0.257812
2 0.279297 0.455078 0.222656 0.152344
2 0.734375 0.263672 0.125000 0.058594
2 0.535156 0.210938 0.140625 0.109375
2 0.689453 0.333984 0.128906 0.082031
2 0.531250 0.794922 0.156250 0.175781
