2 0.480469 0.798828 0.281250 0.253906
2 0.669922 0.750000 0.089844 0.140625
2 0.746094 0.728516 0.054688 0.089844
2 0.673828 0.744141 0.136719 0.105469
2 0.656250 0.839844 0.062500 0.031250
2 0.595703 0.849609 0.121094 0.082031
2 0.312500 0.886719 0.062500 0.203125
2 0.251953 0.917969 0.050781 0.164062
2 0.433594 0.966797 0.179688 0.066406
2 0.542969 0.964844 0.031250 0.070312
2 0.535156 0.914062 0.117188 0.101562
2 0.205078 0.953125 0.035156 0.093750
2 0.167969 0.970703 0.039062 0.042969
2 0.527344 0.638672 0.531250 0.128906
2 0.367188 0.542969 0.132812 0.046875
2 0.404297 0.498047 0.058594 0.050781
2 0.814453 0.564453 0.058594 0.167969
2 0.859375 0.542969 0.031250 0.117188
2 0.900391 0.513672 0.042969 0.128906
2 0.615234 0.531250 0.347656 0.085938
2 0.734375 0.464844 0.281250 0.039062
2 0.794922 0.406250 0.222656 0.085938
2 0.703125 0.472656 0.156250 0.109375
2 0.933594 0.468750 0.046875 0.101562
2 0.962891 0.423828 0.027344 0.136719
2 0.876953 0.339844 0.246094 0.054688
2 0.917969 0.285156 0.164062 0.031250
2 0.814453 0.289062 0.027344 0.031250
2 0.941406 0.251953 0.109375 0.035156
2 0.912109 0.291016 0.136719 0.121094
2 0.380859 0.824219 0.128906 0.125000
