2 0.736328 0.718750 0.105469 0.156250
2 0.843750 0.730469 0.109375 0.140625
2 0.921875 0.744141 0.062500 0.136719
2 0.978516 0.751953 0.042969 0.097656
2 0.421875 0.634766 0.109375 0.097656
2 0.513672 0.634766 0.050781 0.097656
2 0.634766 0.562500 0.105469 0.031250
2 0.703125 0.574219 0.046875 0.039062
2 0.558594 0.562500 0.039062 0.031250
2 0.326172 0.634766 0.089844 0.089844
2 0.248047 0.609375 0.058594 0.062500
2 0.201172 0.607422 0.027344 0.035156
2 0.595703 0.484375 0.058594 0.031250
2 0.658203 0.482422 0.035156 0.019531
2 0.669922 0.720703 0.097656 0.121094
2 0.603516 0.697266 0.050781 0.050781
2 0.701172 0.859375 0.097656 0.046875
2 0.775391 0.968750 0.097656 0.062500
2 0.617188 0.964844 0.109375 0.054688
2 0.548828 0.595703 0.042969 0.074219
