1 0.511719 0.578125 0.289062 0.312500
1 0.503906 0.761719 0.242188 0.062500
1 0.466797 0.794922 0.160156 0.089844
1 0.363281 0.427734 0.078125 0.105469
1 0.396484 0.527344 0.113281 0.109375
1 0.222656 0.105469 0.117188 0.203125
1 0.544922 0.433594 0.113281 0.125000
1 0.314453 0.439453 0.097656 0.082031
1 0.642578 0.650391 0.089844 0.199219
1 0.095703 0.041016 0.183594 0.074219
1 0.093750 0.181641 0.171875 0.105469
1 0.044922 0.115234 0.082031 0.144531
1 0.273438 0.117188 0.062500 0.132812
1 0.556641 0.775391 0.105469 0.121094
1 0.451172 0.824219 0.097656 0.117188
1 0.363281 0.576172 0.164062 0.066406
