1 0.406250 0.429688 0.203125 0.250000
1 0.261719 0.488281 0.125000 0.179688
1 0.212891 0.478516 0.121094 0.152344
1 0.580078 0.617188 0.183594 0.375000
1 0.681641 0.562500 0.175781 0.250000
1 0.332031 0.371094 0.125000 0.117188
1 0.474609 0.347656 0.128906 0.187500
1 0.607422 0.414062 0.144531 0.125000
1 0.476562 0.650391 0.101562 0.191406
1 0.470703 0.751953 0.175781 0.136719
1 0.794922 0.558594 0.113281 0.125000
1 0.451172 0.214844 0.128906 0.187500
1 0.406250 0.328125 0.140625 0.164062
1 0.457031 0.142578 0.085938 0.097656
1 0.105469 0.242188 0.203125 0.187500
