2 0.388672 0.636719 0.316406 0.273438
2 0.542969 0.357422 0.203125 0.222656
2 0.625000 0.121094 0.281250 0.164062
2 0.330078 0.857422 0.316406 0.253906
2 0.169922 0.679688 0.128906 0.218750
2 0.578125 0.562500 0.062500 0.187500
2 0.390625 0.421875 0.093750 0.140625
2 0.626953 0.410156 0.144531 0.132812
2 0.687500 0.279297 0.093750 0.144531
2 0.472656 0.830078 0.148438 0.128906
2 0.156250 0.886719 0.156250 0.210938
2 0.578125 0.244141 0.250000 0.230469
2 0.460938 0.337891 0.187500 0.113281
2 0.335938 0.513672 0.156250 0.144531
2 0.542969 0.714844 0.117188 0.140625
2 0.220703 0.556641 0.113281 0.105469
2 0.492188 0.906250 0.109375 0.171875
2 0.626953 0.513672 0.089844 0.183594
2 0.746094 0.146484 0.117188 0.191406
2 0.115234 0.943359 0.199219 0.105469
