2 0.291016 0.529297 0.089844 0.050781
2 0.404297 0.519531 0.066406 0.023438
2 0.437500 0.324219 0.031250 0.039062
2 0.462891 0.390625 0.050781 0.093750
2 0.531250 0.386719 0.093750 0.070312
2 0.595703 0.390625 0.027344 0.062500
2 0.640625 0.398438 0.046875 0.031250
2 0.503906 0.435547 0.031250 0.027344
2 0.546875 0.466797 0.062500 0.027344
2 0.541016 0.531250 0.050781 0.031250
2 0.591797 0.529297 0.042969 0.019531
2 0.429688 0.578125 0.070312 0.031250
2 0.500000 0.593750 0.078125 0.031250
2 0.560547 0.605469 0.027344 0.039062
2 0.671875 0.710938 0.093750 0.046875
2 0.771484 0.751953 0.128906 0.082031
2 0.859375 0.857422 0.046875 0.222656
2 0.796875 0.886719 0.078125 0.039062
2 0.701172 0.773438 0.050781 0.085938
2 0.716797 0.826172 0.019531 0.011719
2 0.904297 0.826172 0.035156 0.089844
2 0.906250 0.933594 0.046875 0.117188
2 0.953125 0.937500 0.031250 0.062500
2 0.937500 0.837891 0.015625 0.050781
2 0.441406 0.382812 0.039062 0.039062
2 0.669922 0.451172 0.027344 0.019531
2 0.705078 0.468750 0.011719 0.015625
2 0.718750 0.470703 0.000000 0.003906
2 0.611328 0.525391 0.042969 0.019531
2 0.064453 0.589844 0.121094 0.054688
2 0.181641 0.546875 0.097656 0.031250
2 0.210938 0.517578 0.054688 0.019531
