1 0.171875 0.072266 0.078125 0.128906
1 0.308594 0.199219 0.062500 0.164062
1 0.445312 0.255859 0.101562 0.136719
1 0.335938 0.296875 0.109375 0.046875
1 0.447266 0.353516 0.230469 0.042969
1 0.398438 0.431641 0.070312 0.113281
1 0.464844 0.527344 0.148438 0.093750
1 0.609375 0.562500 0.125000 0.093750
1 0.480469 0.593750 0.125000 0.109375
1 0.607422 0.748047 0.121094 0.269531
1 0.500000 0.666016 0.093750 0.105469
1 0.714844 0.779297 0.078125 0.292969
1 0.623047 0.921875 0.113281 0.078125
1 0.369141 0.220703 0.082031 0.160156
1 0.705078 0.955078 0.238281 0.089844
1 0.228516 0.199219 0.082031 0.125000
