2 0.363281 0.525391 0.125000 0.152344
2 0.462891 0.554688 0.105469 0.117188
2 0.330078 0.517578 0.128906 0.097656
2 0.562500 0.669922 0.093750 0.144531
2 0.699219 0.810547 0.125000 0.074219
2 0.779297 0.810547 0.035156 0.089844
2 0.673828 0.775391 0.152344 0.050781
2 0.494141 0.564453 0.113281 0.214844
2 0.921875 0.929688 0.156250 0.140625
2 0.808594 0.894531 0.109375 0.085938
2 0.695312 0.865234 0.125000 0.058594
2 0.634766 0.732422 0.136719 0.136719
2 0.087891 0.101562 0.167969 0.195312
2 0.248047 0.351562 0.105469 0.210938
2 0.193359 0.263672 0.121094 0.121094
