2 0.498047 0.562500 0.472656 0.281250
2 0.609375 0.390625 0.406250 0.187500
2 0.767578 0.552734 0.175781 0.199219
2 0.634766 0.244141 0.277344 0.097656
2 0.730469 0.289062 0.226562 0.296875
2 0.816406 0.117188 0.085938 0.164062
2 0.830078 0.158203 0.277344 0.097656
2 0.156250 0.716797 0.195312 0.246094
2 0.326172 0.792969 0.128906 0.062500
2 0.201172 0.876953 0.191406 0.152344
2 0.093750 0.777344 0.140625 0.242188
2 0.345703 0.521484 0.308594 0.105469
2 0.335938 0.857422 0.125000 0.152344
2 0.359375 0.669922 0.484375 0.191406
2 0.142578 0.078125 0.160156 0.093750
2 0.056641 0.154297 0.097656 0.066406
