2 0.158203 0.353516 0.128906 0.121094
2 0.263672 0.330078 0.082031 0.128906
2 0.322266 0.306641 0.042969 0.113281
2 0.375000 0.294922 0.062500 0.082031
2 0.429688 0.283203 0.046875 0.074219
2 0.484375 0.265625 0.062500 0.046875
2 0.841797 0.281250 0.082031 0.046875
2 0.902344 0.281250 0.031250 0.054688
2 0.767578 0.292969 0.058594 0.039062
2 0.968750 0.308594 0.062500 0.062500
2 0.048828 0.357422 0.089844 0.105469
2 0.492188 0.482422 0.320312 0.167969
2 0.283203 0.523438 0.191406 0.148438
2 0.158203 0.539062 0.121094 0.109375
2 0.867188 0.767578 0.109375 0.066406
2 0.775391 0.791016 0.105469 0.050781
2 0.484375 0.876953 0.132812 0.097656
2 0.048828 0.535156 0.089844 0.062500
2 0.480469 0.564453 0.210938 0.074219
