2 0.171875 0.748047 0.093750 0.089844
2 0.263672 0.712891 0.089844 0.042969
2 0.246094 0.773438 0.054688 0.078125
2 0.294922 0.765625 0.027344 0.046875
2 0.794922 0.685547 0.058594 0.136719
2 0.839844 0.718750 0.023438 0.093750
2 0.875000 0.687500 0.062500 0.062500
2 0.919922 0.750000 0.058594 0.031250
2 0.875000 0.744141 0.062500 0.058594
2 0.849609 0.626953 0.042969 0.027344
2 0.734375 0.687500 0.062500 0.093750
2 0.669922 0.714844 0.058594 0.039062
2 0.927734 0.685547 0.042969 0.058594
2 0.326172 0.732422 0.058594 0.058594
