1 0.423828 0.341797 0.113281 0.167969
1 0.509766 0.373047 0.121094 0.152344
1 0.566406 0.392578 0.187500 0.160156
1 0.656250 0.496094 0.171875 0.101562
1 0.500000 0.544922 0.093750 0.097656
1 0.636719 0.544922 0.164062 0.113281
1 0.531250 0.611328 0.093750 0.097656
1 0.357422 0.636719 0.121094 0.109375
1 0.421875 0.642578 0.062500 0.082031
1 0.462891 0.421875 0.113281 0.093750
1 0.406250 0.486328 0.093750 0.066406
1 0.361328 0.554688 0.058594 0.093750
1 0.470703 0.197266 0.089844 0.097656
1 0.554688 0.199219 0.085938 0.046875
1 0.462891 0.220703 0.089844 0.066406
1 0.265625 0.609375 0.109375 0.062500
1 0.220703 0.732422 0.097656 0.128906
1 0.306641 0.341797 0.121094 0.097656
1 0.699219 0.388672 0.070312 0.105469
