2 0.535156 0.597656 0.164062 0.289062
2 0.656250 0.609375 0.085938 0.265625
2 0.722656 0.601562 0.140625 0.242188
2 0.824219 0.609375 0.062500 0.218750
2 0.861328 0.619141 0.097656 0.199219
2 0.937500 0.660156 0.046875 0.132812
2 0.962891 0.667969 0.066406 0.125000
2 0.427734 0.623047 0.066406 0.253906
2 0.365234 0.613281 0.089844 0.195312
2 0.292969 0.628906 0.054688 0.117188
2 0.242188 0.634766 0.117188 0.074219
2 0.140625 0.648438 0.078125 0.078125
2 0.082031 0.648438 0.101562 0.078125
2 0.035156 0.660156 0.062500 0.070312
2 0.691406 0.316406 0.039062 0.031250
2 0.775391 0.312500 0.128906 0.031250
2 0.656250 0.322266 0.031250 0.019531
2 0.138672 0.341797 0.128906 0.027344
2 0.255859 0.365234 0.105469 0.058594
2 0.140625 0.451172 0.046875 0.027344
2 0.203125 0.425781 0.093750 0.031250
2 0.613281 0.732422 0.117188 0.097656
