0 0.269005 0.437885 0.331839 0.875770 0.261993 0.012681 0.001637 0.275135 0.007964 0.000555 0.244774 0.012332 0.000700 0.302968 0.001293 0.000322 0.211282 0.007690 0.000409 0.342050 0.000927 0.009532 0.171516 0.000400 0.009391 0.391299 0.047410 0.498476 0.138061 0.058129 0.502563 0.421600 0.120324 0.716645 0.131154 0.128068 0.707111 0.312681 0.184297 0.980918 0.210801 0.185619 0.981589 0.288197 0.464404 0.995001 0.248480 0.460400 0.994293 0.292873 0.745066 0.976382 0.280062 0.725265 0.976349 1 0
1 0.750000 0.019531 0.093750 0.031250
1 0.822266 0.119141 0.050781 0.097656
1 0.755859 0.126953 0.082031 0.089844
1 0.884766 0.095703 0.066406 0.105469
1 0.685547 0.347656 0.253906 0.132812
1 0.703125 0.263672 0.093750 0.042969
1 0.625000 0.302734 0.070312 0.105469
1 0.500000 0.484375 0.109375 0.265625
1 0.599609 0.484375 0.113281 0.125000
1 0.712891 0.437500 0.105469 0.070312
1 0.218750 0.634766 0.062500 0.167969
1 0.029297 0.671875 0.050781 0.140625
1 0.589844 0.580078 0.062500 0.058594
1 0.398438 0.533203 0.085938 0.214844
1 0.166016 0.656250 0.066406 0.125000
1 0.115234 0.693359 0.097656 0.105469
1 0.550781 0.367188 0.093750 0.125000
1 0.449219 0.453125 0.117188 0.148438
1 0.726562 0.136719 0.078125 0.062500
