2 0.531250 0.501953 0.140625 0.441406
2 0.687500 0.437500 0.187500 0.250000
2 0.398438 0.455078 0.117188 0.339844
2 0.314453 0.603516 0.066406 0.167969
2 0.406250 0.681641 0.109375 0.097656
2 0.806641 0.390625 0.082031 0.171875
2 0.603516 0.625000 0.175781 0.164062
2 0.804688 0.183594 0.148438 0.117188
2 0.265625 0.775391 0.171875 0.152344
2 0.634766 0.308594 0.152344 0.132812
2 0.589844 0.111328 0.109375 0.105469
2 0.687500 0.142578 0.093750 0.082031
2 0.410156 0.851562 0.101562 0.203125
2 0.511719 0.912109 0.156250 0.144531
2 0.474609 0.263672 0.152344 0.121094
2 0.343750 0.455078 0.171875 0.121094
