2 0.640625 0.501953 0.242188 0.339844
2 0.812500 0.503906 0.093750 0.335938
2 0.349609 0.343750 0.191406 0.117188
2 0.447266 0.431641 0.121094 0.183594
2 0.419922 0.626953 0.191406 0.191406
2 0.082031 0.451172 0.156250 0.253906
2 0.230469 0.484375 0.140625 0.203125
2 0.263672 0.667969 0.097656 0.148438
2 0.042969 0.712891 0.078125 0.097656
2 0.599609 0.681641 0.269531 0.082031
2 0.914062 0.511719 0.171875 0.320312
2 0.197266 0.730469 0.207031 0.156250
2 0.062500 0.265625 0.117188 0.140625
2 0.714844 0.906250 0.132812 0.054688
