2 0.564453 0.464844 0.121094 0.656250
2 0.705078 0.244141 0.160156 0.199219
2 0.863281 0.255859 0.140625 0.191406
2 0.968750 0.261719 0.054688 0.179688
2 0.056641 0.158203 0.105469 0.160156
2 0.175781 0.138672 0.125000 0.113281
2 0.109375 0.298828 0.210938 0.105469
2 0.421875 0.566406 0.187500 0.476562
2 0.253906 0.462891 0.132812 0.128906
2 0.339844 0.419922 0.148438 0.136719
2 0.050781 0.460938 0.093750 0.117188
2 0.140625 0.470703 0.093750 0.089844
2 0.285156 0.593750 0.078125 0.125000
2 0.279297 0.722656 0.144531 0.125000
2 0.673828 0.589844 0.105469 0.484375
2 0.763672 0.486328 0.128906 0.121094
2 0.949219 0.505859 0.093750 0.089844
2 0.832031 0.718750 0.101562 0.406250
2 0.923828 0.748047 0.144531 0.222656
2 0.765625 0.767578 0.062500 0.371094
2 0.679688 0.871094 0.117188 0.195312
2 0.566406 0.871094 0.109375 0.140625
2 0.468750 0.273438 0.062500 0.117188
2 0.617188 0.039062 0.179688 0.070312
2 0.267578 0.650391 0.128906 0.089844
