2 0.423828 0.361328 0.082031 0.167969
2 0.667969 0.310547 0.187500 0.089844
2 0.521484 0.341797 0.097656 0.191406
2 0.339844 0.345703 0.093750 0.089844
2 0.248047 0.369141 0.082031 0.066406
2 0.554688 0.244141 0.101562 0.074219
2 0.626953 0.203125 0.042969 0.031250
2 0.699219 0.191406 0.093750 0.046875
2 0.605469 0.392578 0.070312 0.074219
2 0.673828 0.359375 0.121094 0.078125
2 0.744141 0.320312 0.105469 0.070312
2 0.488281 0.462891 0.062500 0.089844
2 0.416016 0.662109 0.113281 0.160156
2 0.460938 0.595703 0.078125 0.058594
2 0.343750 0.636719 0.093750 0.062500
2 0.351562 0.705078 0.109375 0.082031
2 0.441406 0.792969 0.093750 0.078125
2 0.380859 0.433594 0.074219 0.078125
2 0.111328 0.041016 0.214844 0.074219
2 0.046875 0.125000 0.085938 0.148438
2 0.457031 0.037109 0.101562 0.066406
2 0.369141 0.058594 0.121094 0.054688
2 0.466797 0.482422 0.089844 0.050781
2 0.947266 0.146484 0.074219 0.128906
2 0.970703 0.097656 0.058594 0.093750
