1 0.480469 0.312500 0.093750 0.203125
1 0.400391 0.388672 0.066406 0.269531
1 0.564453 0.294922 0.066406 0.113281
1 0.628906 0.572266 0.171875 0.097656
1 0.785156 0.566406 0.132812 0.109375
1 0.886719 0.531250 0.078125 0.093750
1 0.376953 0.673828 0.144531 0.152344
1 0.484375 0.750000 0.062500 0.093750
1 0.609375 0.783203 0.078125 0.105469
1 0.085938 0.228516 0.156250 0.136719
1 0.232422 0.279297 0.121094 0.066406
1 0.166016 0.121094 0.066406 0.046875
1 0.275391 0.517578 0.175781 0.074219
1 0.306641 0.419922 0.121094 0.121094
1 0.966797 0.546875 0.066406 0.062500
1 0.888672 0.294922 0.105469 0.058594
1 0.304688 0.140625 0.187500 0.101562
1 0.640625 0.320312 0.140625 0.109375
1 0.451172 0.449219 0.089844 0.109375
1 0.042969 0.353516 0.078125 0.136719
1 0.302734 0.636719 0.144531 0.171875
1 0.482422 0.648438 0.074219 0.140625
1 0.548828 0.773438 0.105469 0.109375
1 0.421875 0.761719 0.148438 0.070312
1 0.707031 0.814453 0.117188 0.167969
1 0.798828 0.859375 0.128906 0.101562
1 0.816406 0.517578 0.101562 0.082031
1 0.337891 0.328125 0.105469 0.109375
1 0.669922 0.841797 0.089844 0.066406
1 0.644531 0.607422 0.132812 0.066406
1 0.773438 0.611328 0.085938 0.058594
1 0.970703 0.574219 0.058594 0.062500
1 0.880859 0.568359 0.066406 0.074219
1 0.060547 0.166016 0.113281 0.082031
