2 0.404297 0.478516 0.152344 0.066406
2 0.478516 0.421875 0.121094 0.093750
2 0.322266 0.433594 0.105469 0.117188
2 0.328125 0.492188 0.140625 0.046875
2 0.218750 0.496094 0.125000 0.070312
2 0.826172 0.562500 0.175781 0.109375
2 0.587891 0.619141 0.097656 0.121094
2 0.492188 0.669922 0.078125 0.113281
2 0.734375 0.466797 0.062500 0.058594
2 0.822266 0.541016 0.105469 0.199219
2 0.554688 0.179688 0.093750 0.046875
2 0.656250 0.169922 0.093750 0.058594
2 0.853516 0.339844 0.066406 0.070312
2 0.888672 0.402344 0.082031 0.054688
2 0.953125 0.406250 0.078125 0.093750
2 0.056641 0.515625 0.074219 0.093750
2 0.947266 0.587891 0.105469 0.144531
2 0.703125 0.605469 0.093750 0.101562
2 0.750000 0.179688 0.078125 0.062500
2 0.648438 0.578125 0.054688 0.156250
2 0.167969 0.591797 0.101562 0.066406
2 0.453125 0.535156 0.078125 0.117188
2 0.667969 0.365234 0.132812 0.105469
