1 0.271484 0.503906 0.238281 0.171875
1 0.496094 0.412109 0.210938 0.167969
1 0.580078 0.339844 0.238281 0.125000
1 0.363281 0.406250 0.109375 0.085938
1 0.453125 0.341797 0.062500 0.082031
1 0.285156 0.414062 0.109375 0.070312
1 0.203125 0.605469 0.093750 0.054688
1 0.443359 0.521484 0.128906 0.066406
1 0.656250 0.417969 0.125000 0.085938
1 0.937500 0.332031 0.125000 0.085938
1 0.966797 0.277344 0.066406 0.046875
1 0.820312 0.357422 0.148438 0.082031
1 0.746094 0.394531 0.093750 0.078125
1 0.707031 0.289062 0.078125 0.093750
1 0.773438 0.255859 0.046875 0.097656
1 0.835938 0.232422 0.062500 0.066406
