1 0.455078 0.433594 0.066406 0.078125
1 0.533203 0.453125 0.089844 0.093750
1 0.626953 0.462891 0.089844 0.097656
1 0.703125 0.466797 0.046875 0.082031
1 0.753906 0.466797 0.062500 0.074219
1 0.808594 0.480469 0.039062 0.054688
1 0.876953 0.482422 0.089844 0.035156
1 0.964844 0.500000 0.070312 0.046875
1 0.402344 0.421875 0.046875 0.046875
1 0.390625 0.652344 0.093750 0.148438
1 0.468750 0.687500 0.062500 0.171875
1 0.560547 0.714844 0.105469 0.164062
1 0.812500 0.798828 0.375000 0.152344
1 0.839844 0.900391 0.320312 0.050781
1 0.908203 0.943359 0.183594 0.105469
1 0.791016 0.908203 0.097656 0.097656
1 0.953125 0.687500 0.093750 0.078125
1 0.806641 0.716797 0.144531 0.082031
1 0.568359 0.755859 0.105469 0.152344
1 0.335938 0.642578 0.125000 0.082031
