2 0.484375 0.578125 0.109375 0.203125
2 0.648438 0.431641 0.226562 0.082031
2 0.750000 0.367188 0.234375 0.046875
2 0.812500 0.408203 0.093750 0.089844
2 0.597656 0.511719 0.117188 0.070312
2 0.550781 0.539062 0.109375 0.125000
2 0.687500 0.496094 0.046875 0.039062
2 0.384766 0.656250 0.097656 0.234375
2 0.433594 0.664062 0.132812 0.117188
2 0.326172 0.742188 0.074219 0.195312
2 0.253906 0.796875 0.070312 0.109375
2 0.513672 0.453125 0.050781 0.046875
2 0.675781 0.394531 0.164062 0.093750
2 0.443359 0.558594 0.097656 0.101562
2 0.294922 0.732422 0.105469 0.105469
2 0.951172 0.218750 0.097656 0.242188
