2 0.492188 0.451172 0.156250 0.152344
2 0.605469 0.607422 0.062500 0.316406
2 0.521484 0.558594 0.097656 0.171875
2 0.687500 0.703125 0.093750 0.250000
2 0.818359 0.802734 0.160156 0.128906
2 0.544922 0.855469 0.082031 0.101562
2 0.656250 0.826172 0.148438 0.144531
2 0.769531 0.691406 0.101562 0.148438
2 0.837891 0.720703 0.058594 0.097656
2 0.648438 0.570312 0.054688 0.140625
2 0.546875 0.697266 0.085938 0.121094
2 0.503906 0.804688 0.078125 0.125000
2 0.464844 0.835938 0.085938 0.093750
2 0.578125 0.437500 0.046875 0.078125
