1 0.515625 0.404297 0.203125 0.394531
1 0.375000 0.496094 0.062500 0.367188
1 0.625000 0.408203 0.125000 0.339844
1 0.691406 0.511719 0.085938 0.132812
1 0.337891 0.511719 0.121094 0.242188
1 0.751953 0.667969 0.214844 0.109375
1 0.564453 0.046875 0.097656 0.062500
1 0.449219 0.625000 0.132812 0.125000
1 0.296875 0.498047 0.140625 0.082031
1 0.275391 0.648438 0.121094 0.078125
1 0.814453 0.576172 0.175781 0.113281
1 0.900391 0.642578 0.082031 0.121094
1 0.212891 0.640625 0.113281 0.078125
1 0.259766 0.591797 0.121094 0.128906
