1 0.097656 0.839844 0.062500 0.046875
1 0.177734 0.802734 0.089844 0.089844
1 0.250000 0.753906 0.062500 0.078125
1 0.308594 0.730469 0.046875 0.070312
1 0.361328 0.705078 0.058594 0.074219
1 0.417969 0.673828 0.054688 0.089844
1 0.468750 0.652344 0.046875 0.078125
1 0.519531 0.625000 0.062500 0.117188
1 0.568359 0.619141 0.058594 0.097656
1 0.613281 0.615234 0.054688 0.066406
1 0.654297 0.595703 0.027344 0.035156
1 0.673828 0.587891 0.058594 0.058594
1 0.718750 0.580078 0.039062 0.050781
1 0.763672 0.560547 0.035156 0.027344
1 0.798828 0.541016 0.058594 0.050781
1 0.212891 0.630859 0.113281 0.042969
1 0.197266 0.750000 0.105469 0.039062
