2 0.470703 0.361328 0.152344 0.066406
2 0.494141 0.406250 0.097656 0.023438
2 0.455078 0.326172 0.089844 0.011719
2 0.421875 0.349609 0.101562 0.050781
2 0.472656 0.501953 0.046875 0.066406
2 0.638672 0.529297 0.261719 0.097656
2 0.466797 0.619141 0.066406 0.144531
2 0.591797 0.710938 0.183594 0.257812
2 0.732422 0.701172 0.097656 0.175781
2 0.804688 0.546875 0.070312 0.078125
2 0.701172 0.378906 0.066406 0.039062
2 0.703125 0.437500 0.046875 0.078125
2 0.628906 0.279297 0.062500 0.042969
2 0.953125 0.574219 0.093750 0.039062
2 0.685547 0.308594 0.042969 0.070312
2 0.498047 0.771484 0.121094 0.097656
2 0.845703 0.714844 0.136719 0.093750
2 0.562500 0.847656 0.117188 0.062500
2 0.445312 0.277344 0.078125 0.031250
