2 0.109375 0.455078 0.125000 0.058594
2 0.027344 0.470703 0.046875 0.066406
2 0.359375 0.417969 0.078125 0.085938
2 0.447266 0.423828 0.097656 0.089844
2 0.523438 0.416016 0.054688 0.082031
2 0.580078 0.400391 0.058594 0.058594
2 0.667969 0.386719 0.109375 0.031250
2 0.824219 0.589844 0.218750 0.203125
2 0.964844 0.574219 0.062500 0.187500
2 0.689453 0.601562 0.105469 0.156250
2 0.214844 0.300781 0.125000 0.046875
2 0.048828 0.808594 0.089844 0.164062
2 0.177734 0.796875 0.160156 0.109375
2 0.656250 0.564453 0.085938 0.074219
2 0.962891 0.392578 0.074219 0.050781
2 0.750000 0.199219 0.078125 0.039062
2 0.308594 0.414062 0.078125 0.070312
2 0.513672 0.333984 0.097656 0.050781
