0 0.087586 0.500000 0.174723 1.000000 0.049359 0.082879 0.709118 0.046234 0.067868 0.172890 0.035853 0.067517 0.771867 0.019035 0.088641 0.018584 0.000000 0.089145 0.678171 0.012848 0.207503 0.227303 0.020034 0.210421 0.760167 0.082526 0.280110 0.128239 0.095350 0.288265 0.805714 0.068668 0.140660 0.254558 0.076963 0.147304 0.871584 0.042589 0.522273 0.379159 0.044117 0.526402 0.646333 0.071455 0.749505 0.597125 0.082937 0.756983 0.800256 0.090760 0.964884 0.261868 0.103541 0.965038 0.390105 -1 0
2 0.466797 0.625000 0.542969 0.156250
2 0.490234 0.691406 0.339844 0.125000
2 0.427734 0.537109 0.160156 0.066406
2 0.591797 0.433594 0.050781 0.117188
2 0.640625 0.453125 0.046875 0.093750
2 0.669922 0.494141 0.050781 0.105469
2 0.638672 0.527344 0.058594 0.031250
2 0.718750 0.523438 0.046875 0.046875
2 0.728516 0.634766 0.152344 0.175781
2 0.457031 0.437500 0.078125 0.093750
2 0.554688 0.468750 0.109375 0.171875
2 0.500000 0.312500 0.109375 0.062500
2 0.230469 0.312500 0.054688 0.031250
2 0.179688 0.341797 0.085938 0.074219
2 0.636719 0.349609 0.109375 0.042969
2 0.687500 0.380859 0.046875 0.050781
2 0.589844 0.332031 0.085938 0.039062
