1 0.171875 0.619141 0.226562 0.191406
1 0.048828 0.726562 0.089844 0.351562
1 0.093750 0.767578 0.148438 0.144531
1 0.394531 0.556641 0.148438 0.128906
1 0.416016 0.667969 0.050781 0.109375
1 0.544922 0.140625 0.160156 0.187500
1 0.746094 0.769531 0.109375 0.101562
1 0.634766 0.326172 0.074219 0.105469
1 0.066406 0.130859 0.125000 0.253906
1 0.320312 0.619141 0.140625 0.144531
1 0.498047 0.490234 0.058594 0.113281
1 0.289062 0.027344 0.148438 0.046875
1 0.775391 0.884766 0.089844 0.113281
1 0.835938 0.955078 0.070312 0.074219
