2 0.531250 0.386719 0.210938 0.187500
2 0.544922 0.515625 0.175781 0.187500
2 0.544922 0.611328 0.121094 0.128906
2 0.462891 0.587891 0.105469 0.128906
2 0.515625 0.269531 0.125000 0.101562
2 0.341797 0.085938 0.066406 0.085938
2 0.904297 0.037109 0.191406 0.066406
2 0.951172 0.117188 0.097656 0.078125
2 0.953125 0.046875 0.078125 0.085938
2 0.449219 0.361328 0.109375 0.128906
2 0.642578 0.453125 0.066406 0.250000
2 0.968750 0.167969 0.062500 0.070312
2 0.515625 0.261719 0.078125 0.140625
2 0.525391 0.673828 0.082031 0.066406
