1 0.544922 0.462891 0.097656 0.058594
1 0.619141 0.458984 0.050781 0.050781
1 0.501953 0.460938 0.066406 0.062500
1 0.041016 0.783203 0.074219 0.074219
1 0.013672 0.814453 0.019531 0.082031
1 0.257812 0.578125 0.031250 0.031250
1 0.140625 0.781250 0.062500 0.125000
1 0.126953 0.699219 0.035156 0.039062
1 0.173828 0.691406 0.035156 0.046875
1 0.205078 0.750000 0.097656 0.148438
1 0.490234 0.085938 0.097656 0.046875
1 0.343750 0.513672 0.117188 0.050781
1 0.570312 0.105469 0.070312 0.046875
1 0.710938 0.060547 0.093750 0.042969
