1 0.544922 0.201172 0.191406 0.175781
1 0.712891 0.269531 0.136719 0.226562
1 0.552734 0.433594 0.152344 0.148438
1 0.558594 0.572266 0.171875 0.105469
1 0.410156 0.572266 0.187500 0.128906
1 0.382812 0.658203 0.101562 0.121094
1 0.322266 0.228516 0.246094 0.238281
1 0.154297 0.267578 0.191406 0.128906
1 0.230469 0.423828 0.140625 0.128906
1 0.123047 0.529297 0.105469 0.121094
1 0.251953 0.783203 0.152344 0.121094
1 0.283203 0.675781 0.160156 0.148438
1 0.072266 0.324219 0.128906 0.132812
1 0.324219 0.074219 0.125000 0.117188
1 0.812500 0.298828 0.148438 0.152344
