2 0.187500 0.525391 0.132812 0.074219
2 0.296875 0.531250 0.062500 0.093750
2 0.439453 0.523438 0.066406 0.070312
2 0.529297 0.525391 0.074219 0.058594
2 0.603516 0.484375 0.144531 0.109375
2 0.712891 0.492188 0.058594 0.070312
2 0.781250 0.484375 0.078125 0.046875
2 0.531250 0.466797 0.070312 0.050781
2 0.212891 0.578125 0.097656 0.031250
2 0.341797 0.515625 0.058594 0.070312
2 0.359375 0.533203 0.093750 0.035156
2 0.468750 0.496094 0.062500 0.078125
2 0.595703 0.421875 0.058594 0.031250
2 0.714844 0.279297 0.101562 0.066406
