2 0.406250 0.503906 0.171875 0.265625
2 0.486328 0.580078 0.105469 0.160156
2 0.447266 0.736328 0.136719 0.183594
2 0.283203 0.601562 0.207031 0.148438
2 0.089844 0.673828 0.171875 0.144531
2 0.251953 0.832031 0.089844 0.085938
2 0.548828 0.748047 0.128906 0.191406
2 0.861328 0.199219 0.144531 0.250000
2 0.937500 0.150391 0.117188 0.292969
2 0.654297 0.177734 0.269531 0.167969
2 0.505859 0.304688 0.152344 0.125000
2 0.689453 0.257812 0.207031 0.093750
2 0.583984 0.171875 0.191406 0.125000
2 0.433594 0.408203 0.125000 0.183594
2 0.531250 0.599609 0.148438 0.144531
2 0.312500 0.519531 0.156250 0.101562
2 0.429688 0.767578 0.085938 0.199219
2 0.660156 0.595703 0.078125 0.066406
