2 0.292969 0.330078 0.226562 0.144531
2 0.314453 0.470703 0.621094 0.167969
2 0.640625 0.398438 0.484375 0.171875
2 0.705078 0.251953 0.035156 0.175781
2 0.720703 0.546875 0.191406 0.171875
2 0.896484 0.431641 0.183594 0.214844
2 0.187500 0.667969 0.367188 0.281250
2 0.500000 0.595703 0.250000 0.113281
2 0.625000 0.683594 0.031250 0.132812
2 0.361328 0.730469 0.136719 0.164062
2 0.378906 0.828125 0.085938 0.156250
2 0.378906 0.773438 0.179688 0.171875
2 0.708984 0.636719 0.207031 0.156250
2 0.697266 0.263672 0.144531 0.066406
2 0.810547 0.275391 0.144531 0.066406
2 0.527344 0.687500 0.179688 0.187500
2 0.181641 0.404297 0.089844 0.183594
