1 0.505859 0.595703 0.183594 0.058594
1 0.441406 0.625000 0.031250 0.046875
1 0.423828 0.697266 0.105469 0.066406
1 0.080078 0.910156 0.152344 0.062500
1 0.099609 0.873047 0.128906 0.011719
1 0.064453 0.955078 0.097656 0.019531
1 0.222656 0.503906 0.132812 0.046875
1 0.847656 0.703125 0.156250 0.062500
1 0.656250 0.732422 0.109375 0.097656
1 0.359375 0.847656 0.093750 0.078125
1 0.470703 0.800781 0.089844 0.085938
1 0.914062 0.353516 0.101562 0.050781
1 0.800781 0.634766 0.093750 0.035156
1 0.751953 0.718750 0.066406 0.078125
1 0.160156 0.427734 0.062500 0.050781
