2 0.246094 0.484375 0.250000 0.218750
2 0.519531 0.365234 0.117188 0.511719
2 0.777344 0.126953 0.171875 0.105469
2 0.767578 0.375000 0.121094 0.375000
2 0.648438 0.337891 0.164062 0.089844
2 0.394531 0.322266 0.218750 0.121094
2 0.423828 0.480469 0.097656 0.234375
2 0.587891 0.185547 0.050781 0.113281
2 0.652344 0.117188 0.070312 0.046875
2 0.916016 0.138672 0.113281 0.089844
2 0.458984 0.167969 0.136719 0.101562
2 0.140625 0.521484 0.164062 0.128906
2 0.732422 0.343750 0.214844 0.195312
2 0.705078 0.484375 0.089844 0.164062
2 0.748047 0.570312 0.097656 0.148438
2 0.304688 0.589844 0.140625 0.109375
2 0.673828 0.095703 0.152344 0.082031
2 0.289062 0.357422 0.164062 0.089844
2 0.845703 0.464844 0.121094 0.187500
2 0.917969 0.277344 0.156250 0.171875
2 0.189453 0.632812 0.097656 0.109375
