1 0.503906 0.431641 0.242188 0.105469
1 0.529297 0.458984 0.183594 0.113281
1 0.437500 0.292969 0.062500 0.039062
1 0.513672 0.287109 0.097656 0.042969
1 0.589844 0.591797 0.054688 0.136719
1 0.642578 0.589844 0.089844 0.085938
1 0.410156 0.734375 0.125000 0.273438
1 0.541016 0.777344 0.199219 0.203125
1 0.625000 0.798828 0.140625 0.152344
1 0.351562 0.767578 0.132812 0.152344
1 0.419922 0.865234 0.199219 0.128906
1 0.402344 0.210938 0.109375 0.031250
1 0.615234 0.429688 0.082031 0.156250
1 0.490234 0.349609 0.167969 0.066406
