2 0.562500 0.478516 0.210938 0.238281
2 0.738281 0.462891 0.156250 0.167969
2 0.853516 0.455078 0.128906 0.152344
2 0.445312 0.490234 0.093750 0.222656
2 0.376953 0.535156 0.113281 0.132812
2 0.283203 0.574219 0.105469 0.085938
2 0.193359 0.585938 0.105469 0.054688
2 0.957031 0.441406 0.085938 0.125000
2 0.730469 0.572266 0.093750 0.105469
2 0.320312 0.138672 0.109375 0.042969
2 0.392578 0.082031 0.089844 0.054688
2 0.072266 0.626953 0.136719 0.082031
2 0.126953 0.035156 0.246094 0.062500
2 0.316406 0.023438 0.132812 0.039062
2 0.437500 0.025391 0.101562 0.042969
2 0.677734 0.591797 0.183594 0.074219
2 0.810547 0.582031 0.066406 0.054688
