2 0.392578 0.398438 0.347656 0.117188
2 0.626953 0.453125 0.105469 0.171875
2 0.703125 0.517578 0.156250 0.113281
2 0.824219 0.564453 0.203125 0.113281
2 0.458984 0.298828 0.128906 0.089844
2 0.595703 0.335938 0.128906 0.093750
2 0.169922 0.416016 0.175781 0.097656
2 0.183594 0.279297 0.218750 0.113281
2 0.349609 0.296875 0.113281 0.140625
2 0.855469 0.474609 0.156250 0.136719
2 0.728516 0.441406 0.113281 0.187500
2 0.832031 0.675781 0.179688 0.132812
2 0.742188 0.947266 0.117188 0.105469
2 0.347656 0.455078 0.140625 0.113281
2 0.500000 0.431641 0.164062 0.113281
2 0.046875 0.361328 0.085938 0.222656
2 0.964844 0.566406 0.070312 0.289062
