2 0.460938 0.593750 0.437500 0.343750
2 0.404297 0.205078 0.214844 0.402344
2 0.378906 0.882812 0.289062 0.226562
2 0.238281 0.642578 0.164062 0.230469
2 0.185547 0.878906 0.113281 0.234375
2 0.576172 0.789062 0.136719 0.265625
2 0.677734 0.601562 0.128906 0.265625
2 0.947266 0.562500 0.097656 0.078125
2 0.888672 0.457031 0.199219 0.125000
2 0.324219 0.277344 0.164062 0.257812
2 0.593750 0.296875 0.171875 0.234375
2 0.591797 0.119141 0.152344 0.128906
2 0.267578 0.460938 0.144531 0.140625
2 0.734375 0.644531 0.093750 0.218750
2 0.619141 0.031250 0.207031 0.054688
2 0.658203 0.091797 0.136719 0.175781
2 0.935547 0.408203 0.128906 0.089844
2 0.904297 0.521484 0.097656 0.097656
