2 0.486328 0.580078 0.160156 0.214844
2 0.583984 0.583984 0.105469 0.167969
2 0.683594 0.597656 0.101562 0.093750
2 0.410156 0.580078 0.109375 0.207031
2 0.292969 0.716797 0.125000 0.066406
2 0.396484 0.728516 0.089844 0.050781
2 0.345703 0.197266 0.097656 0.066406
2 0.458984 0.300781 0.082031 0.062500
2 0.511719 0.326172 0.054688 0.066406
2 0.503906 0.730469 0.140625 0.093750
2 0.646484 0.765625 0.144531 0.062500
2 0.787109 0.781250 0.128906 0.062500
2 0.550781 0.341797 0.046875 0.058594
2 0.722656 0.271484 0.070312 0.058594
2 0.373047 0.632812 0.066406 0.117188
2 0.367188 0.703125 0.078125 0.093750
