2 0.830078 0.322266 0.105469 0.042969
2 0.687500 0.746094 0.078125 0.093750
2 0.750000 0.734375 0.046875 0.078125
2 0.796875 0.748047 0.046875 0.058594
2 0.328125 0.814453 0.078125 0.136719
2 0.390625 0.812500 0.046875 0.062500
2 0.875000 0.873047 0.093750 0.246094
2 0.953125 0.875000 0.062500 0.234375
2 0.625000 0.886719 0.062500 0.078125
2 0.710938 0.886719 0.101562 0.070312
2 0.171875 0.501953 0.093750 0.089844
2 0.060547 0.533203 0.113281 0.089844
2 0.355469 0.589844 0.109375 0.054688
2 0.281250 0.605469 0.031250 0.046875
2 0.277344 0.835938 0.039062 0.093750
2 0.437500 0.498047 0.062500 0.066406
2 0.525391 0.484375 0.097656 0.062500
2 0.587891 0.326172 0.058594 0.027344
2 0.673828 0.392578 0.089844 0.035156
2 0.384766 0.511719 0.042969 0.031250
