2 0.593750 0.605469 0.078125 0.109375
2 0.642578 0.593750 0.082031 0.093750
2 0.527344 0.609375 0.117188 0.109375
2 0.480469 0.744141 0.046875 0.144531
2 0.500000 0.734375 0.062500 0.109375
2 0.435547 0.773438 0.074219 0.109375
2 0.357422 0.429688 0.113281 0.046875
2 0.462891 0.404297 0.097656 0.042969
2 0.626953 0.390625 0.066406 0.046875
2 0.689453 0.617188 0.058594 0.070312
2 0.718750 0.513672 0.070312 0.066406
2 0.845703 0.498047 0.074219 0.074219
2 0.271484 0.451172 0.082031 0.042969
2 0.363281 0.457031 0.117188 0.031250
2 0.589844 0.306641 0.109375 0.042969
2 0.537109 0.326172 0.097656 0.042969
2 0.509766 0.400391 0.042969 0.089844
2 0.435547 0.431641 0.066406 0.058594
2 0.470703 0.185547 0.082031 0.042969
2 0.242188 0.373047 0.101562 0.113281
2 0.611328 0.683594 0.058594 0.046875
2 0.689453 0.673828 0.058594 0.050781
