2 0.546875 0.537109 0.132812 0.503906
2 0.658203 0.484375 0.089844 0.375000
2 0.699219 0.501953 0.109375 0.347656
2 0.730469 0.535156 0.148438 0.226562
2 0.595703 0.656250 0.121094 0.109375
2 0.423828 0.503906 0.113281 0.390625
2 0.347656 0.531250 0.070312 0.375000
2 0.292969 0.593750 0.046875 0.343750
2 0.250000 0.673828 0.031250 0.152344
2 0.427734 0.751953 0.097656 0.074219
2 0.380859 0.716797 0.136719 0.222656
2 0.324219 0.751953 0.101562 0.097656
2 0.781250 0.523438 0.117188 0.109375
2 0.462891 0.763672 0.183594 0.121094
2 0.388672 0.398438 0.097656 0.132812
2 0.324219 0.458984 0.078125 0.121094
2 0.033203 0.283203 0.058594 0.253906
2 0.085938 0.291016 0.039062 0.222656
2 0.078125 0.320312 0.101562 0.125000
