1 0.433594 0.591797 0.078125 0.050781
1 0.498047 0.617188 0.042969 0.070312
1 0.753906 0.796875 0.109375 0.046875
1 0.835938 0.830078 0.046875 0.089844
1 0.875000 0.861328 0.031250 0.097656
1 0.794922 0.835938 0.035156 0.031250
1 0.533203 0.626953 0.027344 0.042969
1 0.289062 0.494141 0.125000 0.089844
1 0.585938 0.212891 0.109375 0.066406
1 0.724609 0.265625 0.113281 0.054688
1 0.847656 0.298828 0.101562 0.074219
1 0.957031 0.341797 0.085938 0.082031
1 0.464844 0.179688 0.109375 0.054688
1 0.212891 0.111328 0.097656 0.050781
