2 0.335938 0.464844 0.187500 0.179688
2 0.482422 0.509766 0.097656 0.238281
2 0.587891 0.507812 0.105469 0.156250
2 0.679688 0.406250 0.078125 0.078125
2 0.628906 0.343750 0.203125 0.078125
2 0.898438 0.656250 0.203125 0.335938
2 0.902344 0.873047 0.187500 0.097656
2 0.736328 0.656250 0.128906 0.093750
2 0.781250 0.414062 0.125000 0.140625
2 0.619141 0.652344 0.097656 0.046875
2 0.726562 0.582031 0.140625 0.070312
2 0.484375 0.369141 0.093750 0.042969
2 0.199219 0.496094 0.078125 0.101562
2 0.335938 0.359375 0.156250 0.039062
2 0.753906 0.763672 0.156250 0.113281
2 0.419922 0.576172 0.113281 0.097656
