2 0.765625 0.310547 0.125000 0.160156
2 0.910156 0.359375 0.125000 0.093750
2 0.578125 0.322266 0.234375 0.105469
2 0.386719 0.431641 0.132812 0.238281
2 0.263672 0.531250 0.113281 0.281250
2 0.125000 0.634766 0.242188 0.300781
2 0.236328 0.693359 0.160156 0.128906
2 0.167969 0.441406 0.093750 0.070312
2 0.392578 0.406250 0.316406 0.140625
2 0.585938 0.294922 0.351562 0.058594
2 0.841797 0.335938 0.089844 0.164062
2 0.685547 0.267578 0.167969 0.058594
2 0.822266 0.150391 0.105469 0.035156
2 0.941406 0.109375 0.109375 0.046875
