2 0.294922 0.408203 0.199219 0.316406
2 0.353516 0.564453 0.308594 0.082031
2 0.453125 0.351562 0.156250 0.187500
2 0.628906 0.390625 0.171875 0.125000
2 0.750000 0.408203 0.062500 0.097656
2 0.025391 0.263672 0.042969 0.050781
2 0.203125 0.472656 0.132812 0.117188
2 0.433594 0.451172 0.210938 0.113281
2 0.937500 0.728516 0.125000 0.136719
2 0.953125 0.482422 0.078125 0.066406
2 0.726562 0.472656 0.179688 0.109375
2 0.150391 0.271484 0.144531 0.074219
2 0.574219 0.517578 0.148438 0.175781
2 0.365234 0.638672 0.183594 0.160156
2 0.500000 0.611328 0.148438 0.121094
2 0.691406 0.304688 0.171875 0.125000
2 0.500000 0.248047 0.101562 0.082031
2 0.812500 0.507812 0.117188 0.078125
2 0.341797 0.785156 0.113281 0.109375
2 0.375000 0.132812 0.078125 0.054688
2 0.589844 0.228516 0.070312 0.050781
