2 0.400391 0.437500 0.292969 0.203125
2 0.492188 0.328125 0.109375 0.031250
2 0.181641 0.421875 0.136719 0.125000
2 0.625000 0.386719 0.125000 0.195312
2 0.734375 0.373047 0.093750 0.175781
2 0.876953 0.310547 0.222656 0.105469
2 0.464844 0.529297 0.156250 0.097656
2 0.203125 0.500000 0.093750 0.109375
2 0.056641 0.439453 0.105469 0.144531
2 0.060547 0.216797 0.113281 0.089844
2 0.515625 0.578125 0.062500 0.078125
2 0.027344 0.212891 0.046875 0.050781
2 0.150391 0.197266 0.105469 0.089844
2 0.546875 0.648438 0.062500 0.062500
2 0.439453 0.798828 0.128906 0.386719
2 0.441406 0.222656 0.156250 0.070312
2 0.345703 0.138672 0.121094 0.128906
2 0.369141 0.347656 0.121094 0.078125
2 0.580078 0.791016 0.105469 0.066406
2 0.714844 0.968750 0.140625 0.062500
