1 0.513672 0.451172 0.167969 0.222656
1 0.642578 0.433594 0.097656 0.296875
1 0.734375 0.421875 0.078125 0.093750
1 0.560547 0.626953 0.121094 0.121094
1 0.658203 0.630859 0.066406 0.089844
1 0.386719 0.441406 0.085938 0.109375
1 0.539062 0.345703 0.117188 0.113281
1 0.714844 0.248047 0.140625 0.066406
1 0.302734 0.464844 0.097656 0.070312
1 0.251953 0.496094 0.097656 0.054688
1 0.708984 0.564453 0.066406 0.214844
1 0.099609 0.591797 0.183594 0.066406
1 0.431641 0.505859 0.128906 0.066406
1 0.632812 0.300781 0.085938 0.085938
1 0.716797 0.367188 0.066406 0.078125
1 0.597656 0.710938 0.070312 0.070312
1 0.181641 0.542969 0.058594 0.062500
1 0.736328 0.291016 0.074219 0.058594
1 0.433594 0.396484 0.109375 0.097656
