2 0.451172 0.275391 0.105469 0.089844
2 0.544922 0.273438 0.097656 0.062500
2 0.367188 0.277344 0.054688 0.062500
2 0.451172 0.492188 0.089844 0.078125
2 0.529297 0.500000 0.066406 0.078125
2 0.484375 0.605469 0.109375 0.132812
2 0.605469 0.652344 0.117188 0.156250
2 0.714844 0.640625 0.093750 0.109375
2 0.791016 0.654297 0.050781 0.074219
2 0.812500 0.750000 0.171875 0.031250
2 0.875000 0.806641 0.125000 0.058594
2 0.826172 0.716797 0.097656 0.035156
2 0.968750 0.859375 0.046875 0.046875
2 0.398438 0.560547 0.054688 0.035156
2 0.562500 0.357422 0.078125 0.050781
2 0.500000 0.369141 0.062500 0.035156
2 0.376953 0.453125 0.089844 0.062500
2 0.578125 0.496094 0.062500 0.078125
2 0.355469 0.531250 0.039062 0.046875
2 0.718750 0.716797 0.125000 0.074219
2 0.841797 0.666016 0.058594 0.066406
2 0.341797 0.279297 0.074219 0.035156
2 0.482422 0.250000 0.082031 0.109375
2 0.263672 0.089844 0.160156 0.078125
2 0.375000 0.078125 0.062500 0.078125
2 0.585938 0.093750 0.171875 0.046875
2 0.617188 0.339844 0.093750 0.031250
2 0.873047 0.169922 0.082031 0.035156
2 0.480469 0.105469 0.054688 0.046875
2 0.750000 0.025391 0.156250 0.042969
2 0.804688 0.076172 0.078125 0.050781
2 0.529297 0.673828 0.113281 0.074219
2 0.625000 0.722656 0.093750 0.062500
2 0.808594 0.765625 0.109375 0.093750
2 0.935547 0.830078 0.082031 0.058594
