1 0.373047 0.496094 0.402344 0.171875
1 0.654297 0.515625 0.183594 0.281250
1 0.837891 0.437500 0.175781 0.125000
1 0.064453 0.498047 0.121094 0.089844
1 0.123047 0.437500 0.113281 0.062500
1 0.330078 0.589844 0.269531 0.125000
1 0.515625 0.683594 0.062500 0.203125
1 0.410156 0.705078 0.132812 0.066406
1 0.580078 0.703125 0.128906 0.171875
1 0.794922 0.562500 0.089844 0.125000
1 0.960938 0.468750 0.062500 0.109375
1 0.765625 0.341797 0.250000 0.050781
1 0.117188 0.753906 0.164062 0.062500
1 0.275391 0.937500 0.199219 0.062500
1 0.609375 0.935547 0.140625 0.113281
1 0.560547 0.404297 0.199219 0.089844
1 0.941406 0.376953 0.109375 0.097656
1 0.650391 0.373047 0.105469 0.097656
1 0.328125 0.421875 0.234375 0.093750
1 0.277344 0.326172 0.195312 0.042969
1 0.033203 0.847656 0.058594 0.070312
1 0.906250 0.556641 0.132812 0.121094
