1 0.576172 0.404297 0.253906 0.230469
1 0.406250 0.468750 0.078125 0.218750
1 0.710938 0.404297 0.093750 0.214844
1 0.472656 0.214844 0.085938 0.070312
1 0.587891 0.269531 0.136719 0.031250
1 0.486328 0.267578 0.058594 0.035156
1 0.378906 0.462891 0.109375 0.113281
1 0.531250 0.527344 0.156250 0.078125
1 0.376953 0.570312 0.105469 0.109375
1 0.681641 0.513672 0.152344 0.097656
1 0.763672 0.427734 0.082031 0.136719
1 0.462891 0.343750 0.097656 0.062500
1 0.554688 0.236328 0.085938 0.066406
1 0.353516 0.472656 0.113281 0.054688
