1 0.500000 0.453125 0.203125 0.375000
1 0.687500 0.662109 0.156250 0.425781
1 0.345703 0.574219 0.105469 0.171875
1 0.246094 0.595703 0.109375 0.113281
1 0.033203 0.642578 0.058594 0.097656
1 0.625000 0.371094 0.062500 0.164062
1 0.564453 0.304688 0.199219 0.218750
1 0.556641 0.701172 0.207031 0.207031
1 0.134766 0.666016 0.128906 0.175781
1 0.277344 0.662109 0.140625 0.089844
1 0.058594 0.771484 0.109375 0.136719
1 0.373047 0.412109 0.105469 0.144531
1 0.460938 0.259766 0.109375 0.089844
1 0.404297 0.333984 0.105469 0.097656
1 0.177734 0.597656 0.121094 0.101562
1 0.300781 0.535156 0.125000 0.078125
