0 0.830318 0.244063 0.238568 0.488127 0.826014 0.000000 0.004813 0.825564 0.000000 0.002593 0.830462 0.000000 0.000819 0.849491 0.000000 0.032098 0.880141 0.000000 0.008104 0.874611 0.010547 0.751646 0.906972 0.009113 0.108541 0.814868 0.097160 0.940044 0.846989 0.091358 0.176937 0.753515 0.106037 0.865970 0.779366 0.106334 0.147993 0.873207 0.212221 0.938538 0.897509 0.203198 0.782932 0.762968 0.250976 0.896562 0.800862 0.258123 0.638530 0.774792 0.428789 0.579974 0.809155 0.416824 0.319184 -1 0
2 0.279297 0.468750 0.113281 0.078125
2 0.312500 0.531250 0.093750 0.031250
2 0.357422 0.478516 0.074219 0.066406
2 0.316406 0.541016 0.039062 0.050781
2 0.375000 0.310547 0.046875 0.066406
2 0.437500 0.312500 0.062500 0.046875
2 0.320312 0.300781 0.039062 0.046875
2 0.236328 0.359375 0.035156 0.062500
2 0.275391 0.218750 0.105469 0.046875
2 0.203125 0.234375 0.031250 0.062500
2 0.529297 0.380859 0.082031 0.035156
2 0.250000 0.351562 0.046875 0.046875
2 0.382812 0.316406 0.078125 0.078125
