2 0.406250 0.623047 0.312500 0.394531
2 0.648438 0.593750 0.062500 0.437500
2 0.826172 0.585938 0.199219 0.406250
2 0.964844 0.609375 0.070312 0.343750
2 0.462891 0.390625 0.207031 0.062500
2 0.109375 0.861328 0.156250 0.105469
2 0.343750 0.933594 0.078125 0.132812
2 0.267578 0.470703 0.136719 0.089844
2 0.500000 0.359375 0.109375 0.062500
2 0.390625 0.873047 0.125000 0.160156
2 0.500000 0.798828 0.109375 0.097656
2 0.259766 0.904297 0.136719 0.191406
2 0.560547 0.132812 0.074219 0.085938
2 0.369141 0.423828 0.160156 0.089844
