1 0.343750 0.292969 0.156250 0.171875
1 0.343750 0.646484 0.140625 0.277344
1 0.500000 0.587891 0.164062 0.097656
1 0.251953 0.580078 0.097656 0.089844
1 0.408203 0.306641 0.097656 0.128906
1 0.248047 0.244141 0.121094 0.074219
1 0.251953 0.316406 0.136719 0.085938
1 0.185547 0.578125 0.042969 0.078125
1 0.626953 0.582031 0.121094 0.203125
1 0.480469 0.703125 0.117188 0.203125
1 0.722656 0.638672 0.085938 0.113281
1 0.611328 0.720703 0.152344 0.160156
1 0.488281 0.300781 0.062500 0.062500
1 0.281250 0.730469 0.140625 0.195312
