2 0.058594 0.201172 0.109375 0.394531
2 0.353516 0.320312 0.191406 0.117188
2 0.666016 0.779297 0.652344 0.402344
2 0.859375 0.437500 0.250000 0.281250
2 0.257812 0.367188 0.125000 0.093750
2 0.697266 0.640625 0.371094 0.234375
2 0.357422 0.812500 0.214844 0.343750
2 0.517578 0.597656 0.136719 0.203125
2 0.916016 0.292969 0.167969 0.164062
2 0.136719 0.185547 0.085938 0.175781
2 0.031250 0.431641 0.054688 0.050781
2 0.128906 0.304688 0.031250 0.062500
2 0.818359 0.275391 0.097656 0.074219
2 0.962891 0.171875 0.066406 0.093750
2 0.914062 0.189453 0.054688 0.074219
2 0.689453 0.468750 0.082031 0.101562
2 0.708984 0.328125 0.050781 0.078125
