1 0.531250 0.410156 0.109375 0.218750
1 0.429688 0.466797 0.085938 0.191406
1 0.347656 0.535156 0.062500 0.156250
1 0.568359 0.392578 0.152344 0.152344
1 0.564453 0.332031 0.097656 0.164062
1 0.287109 0.568359 0.089844 0.089844
1 0.490234 0.384766 0.121094 0.128906
1 0.654297 0.417969 0.066406 0.109375
1 0.486328 0.519531 0.089844 0.078125
1 0.398438 0.580078 0.070312 0.097656
1 0.388672 0.457031 0.113281 0.109375
1 0.603516 0.220703 0.074219 0.050781
1 0.650391 0.191406 0.066406 0.062500
1 0.679688 0.142578 0.054688 0.066406
1 0.246094 0.617188 0.062500 0.062500
