2 0.343750 0.546875 0.171875 0.171875
2 0.468750 0.376953 0.203125 0.066406
2 0.605469 0.294922 0.187500 0.097656
2 0.750000 0.294922 0.093750 0.152344
2 0.839844 0.250000 0.070312 0.156250
2 0.906250 0.234375 0.125000 0.125000
2 0.648438 0.406250 0.132812 0.125000
2 0.531250 0.531250 0.093750 0.234375
2 0.619141 0.482422 0.105469 0.097656
2 0.451172 0.593750 0.066406 0.281250
2 0.277344 0.687500 0.281250 0.093750
2 0.281250 0.576172 0.140625 0.113281
2 0.277344 0.744141 0.148438 0.050781
2 0.515625 0.638672 0.062500 0.113281
2 0.589844 0.542969 0.148438 0.046875
2 0.667969 0.388672 0.195312 0.066406
2 0.921875 0.150391 0.125000 0.167969
2 0.359375 0.468750 0.093750 0.156250
2 0.478516 0.308594 0.105469 0.093750
