2 0.513672 0.251953 0.230469 0.417969
2 0.312500 0.263672 0.156250 0.332031
2 0.218750 0.378906 0.062500 0.195312
2 0.349609 0.449219 0.097656 0.203125
2 0.431641 0.576172 0.066406 0.222656
2 0.160156 0.410156 0.054688 0.156250
2 0.099609 0.419922 0.042969 0.121094
2 0.318359 0.097656 0.066406 0.078125
2 0.289062 0.238281 0.132812 0.085938
2 0.652344 0.179688 0.039062 0.023438
2 0.703125 0.335938 0.062500 0.250000
2 0.667969 0.451172 0.093750 0.363281
2 0.763672 0.609375 0.097656 0.281250
2 0.488281 0.578125 0.140625 0.242188
2 0.728516 0.396484 0.113281 0.136719
2 0.835938 0.658203 0.164062 0.355469
2 0.771484 0.753906 0.097656 0.117188
