2 0.263672 0.230469 0.050781 0.031250
2 0.703125 0.339844 0.125000 0.062500
2 0.406250 0.609375 0.093750 0.171875
2 0.525391 0.611328 0.152344 0.121094
2 0.343750 0.623047 0.046875 0.136719
2 0.312500 0.656250 0.093750 0.062500
2 0.279297 0.683594 0.089844 0.062500
2 0.625000 0.585938 0.046875 0.132812
2 0.687500 0.578125 0.062500 0.109375
2 0.744141 0.593750 0.042969 0.062500
2 0.792969 0.585938 0.046875 0.046875
2 0.810547 0.277344 0.066406 0.023438
2 0.875000 0.296875 0.062500 0.031250
2 0.216797 0.123047 0.066406 0.027344
2 0.525391 0.529297 0.191406 0.089844
