2 0.369141 0.341797 0.175781 0.089844
2 0.675781 0.275391 0.085938 0.105469
2 0.787109 0.269531 0.175781 0.101562
2 0.589844 0.294922 0.101562 0.089844
2 0.234375 0.654297 0.234375 0.191406
2 0.419922 0.740234 0.144531 0.308594
2 0.546875 0.738281 0.187500 0.289062
2 0.263672 0.806641 0.191406 0.136719
2 0.140625 0.660156 0.132812 0.164062
2 0.792969 0.648438 0.164062 0.148438
2 0.949219 0.541016 0.101562 0.097656
2 0.251953 0.361328 0.089844 0.082031
2 0.683594 0.667969 0.117188 0.164062
2 0.667969 0.814453 0.101562 0.074219
2 0.798828 0.552734 0.167969 0.105469
2 0.685547 0.580078 0.105469 0.128906
2 0.640625 0.259766 0.101562 0.066406
2 0.632812 0.771484 0.101562 0.097656
2 0.957031 0.595703 0.085938 0.074219
2 0.498047 0.339844 0.105469 0.078125
2 0.226562 0.572266 0.125000 0.066406
