1 0.251953 0.501953 0.160156 0.089844
1 0.404297 0.623047 0.160156 0.347656
1 0.517578 0.589844 0.246094 0.257812
1 0.697266 0.619141 0.152344 0.191406
1 0.812500 0.605469 0.093750 0.078125
1 0.835938 0.679688 0.125000 0.070312
1 0.087891 0.509766 0.167969 0.082031
1 0.312500 0.699219 0.046875 0.156250
1 0.357422 0.810547 0.074219 0.082031
1 0.937500 0.687500 0.093750 0.062500
1 0.513672 0.718750 0.128906 0.062500
1 0.314453 0.593750 0.066406 0.140625
1 0.261719 0.921875 0.109375 0.062500
1 0.892578 0.625000 0.058594 0.078125
1 0.798828 0.576172 0.144531 0.097656
1 0.234375 0.546875 0.109375 0.078125
