2 0.355469 0.335938 0.078125 0.078125
2 0.421875 0.386719 0.046875 0.117188
2 0.373047 0.410156 0.050781 0.070312
2 0.468750 0.478516 0.046875 0.175781
2 0.525391 0.521484 0.058594 0.183594
2 0.439453 0.490234 0.082031 0.082031
2 0.607422 0.609375 0.027344 0.093750
2 0.271484 0.226562 0.082031 0.078125
2 0.369141 0.310547 0.066406 0.089844
2 0.451172 0.378906 0.042969 0.062500
2 0.570312 0.539062 0.046875 0.078125
2 0.580078 0.628906 0.050781 0.054688
2 0.628906 0.623047 0.031250 0.105469
2 0.523438 0.582031 0.117188 0.070312
2 0.283203 0.330078 0.074219 0.074219
2 0.203125 0.289062 0.093750 0.062500
2 0.224609 0.322266 0.074219 0.089844
