1 0.486328 0.242188 0.121094 0.062500
1 0.605469 0.201172 0.109375 0.050781
1 0.437500 0.419922 0.093750 0.089844
1 0.529297 0.423828 0.121094 0.066406
1 0.652344 0.470703 0.062500 0.058594
1 0.589844 0.484375 0.054688 0.031250
1 0.619141 0.634766 0.199219 0.105469
1 0.734375 0.742188 0.062500 0.078125
1 0.562500 0.683594 0.125000 0.117188
1 0.652344 0.781250 0.101562 0.093750
1 0.751953 0.482422 0.128906 0.058594
1 0.244141 0.470703 0.105469 0.136719
1 0.310547 0.433594 0.082031 0.085938
1 0.156250 0.552734 0.085938 0.074219
1 0.359375 0.562500 0.093750 0.093750
1 0.900391 0.791016 0.128906 0.082031
1 0.779297 0.732422 0.097656 0.113281
1 0.732422 0.816406 0.097656 0.125000
1 0.417969 0.486328 0.132812 0.097656
1 0.027344 0.796875 0.046875 0.093750
1 0.074219 0.933594 0.132812 0.125000
1 0.277344 0.134766 0.109375 0.058594
1 0.054688 0.435547 0.101562 0.058594
1 0.765625 0.558594 0.109375 0.078125
1 0.763672 0.917969 0.097656 0.070312
1 0.425781 0.570312 0.101562 0.093750
