2 0.343750 0.466797 0.203125 0.097656
2 0.412109 0.457031 0.167969 0.117188
2 0.544922 0.492188 0.144531 0.140625
2 0.697266 0.513672 0.144531 0.128906
2 0.775391 0.585938 0.308594 0.078125
2 0.244141 0.718750 0.105469 0.031250
2 0.554688 0.822266 0.039062 0.066406
2 0.042969 0.566406 0.062500 0.039062
2 0.191406 0.466797 0.156250 0.066406
2 0.884766 0.595703 0.214844 0.199219
2 0.763672 0.630859 0.160156 0.097656
2 0.953125 0.712891 0.093750 0.160156
2 0.888672 0.527344 0.113281 0.101562
2 0.458984 0.519531 0.121094 0.062500
2 0.921875 0.763672 0.101562 0.042969
2 0.958984 0.880859 0.082031 0.175781
2 0.888672 0.853516 0.105469 0.074219
2 0.447266 0.789062 0.082031 0.062500
2 0.029297 0.597656 0.050781 0.046875
2 0.087891 0.533203 0.050781 0.066406
2 0.615234 0.582031 0.105469 0.085938
2 0.740234 0.759766 0.097656 0.097656
2 0.185547 0.718750 0.074219 0.039062
2 0.310547 0.761719 0.089844 0.039062
2 0.187500 0.156250 0.218750 0.054688
