2 0.406250 0.220703 0.500000 0.058594
2 0.484375 0.431641 0.234375 0.339844
2 0.296875 0.328125 0.125000 0.140625
2 0.328125 0.433594 0.078125 0.070312
2 0.214844 0.281250 0.039062 0.046875
2 0.304688 0.281250 0.140625 0.132812
2 0.320312 0.384766 0.132812 0.121094
2 0.328125 0.494141 0.015625 0.042969
2 0.187500 0.146484 0.078125 0.105469
2 0.294922 0.160156 0.144531 0.062500
2 0.337891 0.138672 0.050781 0.105469
2 0.486328 0.148438 0.105469 0.093750
2 0.558594 0.154297 0.140625 0.066406
2 0.398438 0.173828 0.062500 0.042969
2 0.628906 0.572266 0.062500 0.222656
2 0.347656 0.566406 0.031250 0.093750
2 0.412109 0.480469 0.144531 0.078125
2 0.492188 0.689453 0.164062 0.175781
2 0.642578 0.732422 0.128906 0.089844
2 0.701172 0.621094 0.058594 0.125000
2 0.712891 0.599609 0.121094 0.121094
2 0.650391 0.505859 0.089844 0.097656
2 0.714844 0.689453 0.062500 0.097656
2 0.720703 0.621094 0.167969 0.062500
2 0.914062 0.580078 0.171875 0.363281
2 0.585938 0.642578 0.031250 0.082031
2 0.455078 0.773438 0.058594 0.109375
2 0.476562 0.847656 0.031250 0.046875
2 0.421875 0.662109 0.109375 0.113281
2 0.580078 0.257812 0.136719 0.101562
2 0.621094 0.447266 0.031250 0.058594
2 0.611328 0.371094 0.050781 0.101562
