2 0.859375 0.281250 0.140625 0.062500
2 0.984375 0.314453 0.031250 0.089844
2 0.189453 0.343750 0.152344 0.125000
2 0.294922 0.328125 0.089844 0.140625
2 0.406250 0.283203 0.125000 0.089844
2 0.060547 0.353516 0.113281 0.113281
2 0.781250 0.294922 0.078125 0.050781
2 0.232422 0.304688 0.113281 0.078125
2 0.525391 0.263672 0.128906 0.050781
2 0.955078 0.298828 0.042969 0.074219
2 0.783203 0.343750 0.152344 0.046875
2 0.853516 0.765625 0.136719 0.062500
2 0.466797 0.509766 0.308594 0.175781
2 0.531250 0.451172 0.265625 0.136719
2 0.281250 0.523438 0.218750 0.140625
2 0.152344 0.544922 0.140625 0.097656
2 0.451172 0.886719 0.128906 0.117188
2 0.759766 0.792969 0.082031 0.039062
2 0.796875 0.216797 0.078125 0.066406
2 0.718750 0.246094 0.109375 0.039062
2 0.048828 0.554688 0.089844 0.093750
2 0.837891 0.908203 0.238281 0.175781
