2 0.421875 0.468750 0.062500 0.187500
2 0.529297 0.498047 0.089844 0.253906
2 0.544922 0.304688 0.074219 0.125000
2 0.312500 0.492188 0.062500 0.148438
2 0.593750 0.421875 0.078125 0.250000
2 0.679688 0.244141 0.195312 0.121094
2 0.697266 0.314453 0.089844 0.121094
2 0.628906 0.392578 0.093750 0.113281
2 0.625000 0.439453 0.078125 0.089844
2 0.564453 0.527344 0.082031 0.101562
2 0.470703 0.517578 0.105469 0.136719
2 0.453125 0.355469 0.062500 0.031250
2 0.511719 0.328125 0.085938 0.109375
2 0.376953 0.470703 0.066406 0.214844
2 0.339844 0.449219 0.078125 0.117188
2 0.279297 0.486328 0.082031 0.113281
2 0.189453 0.925781 0.175781 0.140625
2 0.482422 0.587891 0.105469 0.097656
