1 0.755859 0.449219 0.121094 0.156250
1 0.878906 0.626953 0.148438 0.464844
1 0.746094 0.687500 0.117188 0.343750
1 0.611328 0.755859 0.230469 0.441406
1 0.841797 0.929688 0.316406 0.125000
1 0.972656 0.666016 0.046875 0.394531
1 0.404297 0.730469 0.175781 0.312500
1 0.259766 0.728516 0.121094 0.222656
1 0.042969 0.722656 0.078125 0.132812
1 0.171875 0.750000 0.179688 0.117188
1 0.318359 0.632812 0.113281 0.101562
1 0.265625 0.822266 0.101562 0.121094
1 0.619141 0.074219 0.152344 0.085938
1 0.470703 0.074219 0.167969 0.101562
1 0.332031 0.072266 0.125000 0.082031
1 0.248047 0.070312 0.082031 0.046875
1 0.425781 0.152344 0.093750 0.093750
1 0.052734 0.150391 0.089844 0.042969
1 0.173828 0.671875 0.097656 0.093750
