2 0.357422 0.408203 0.121094 0.191406
2 0.265625 0.460938 0.031250 0.242188
2 0.222656 0.437500 0.039062 0.062500
2 0.408203 0.275391 0.058594 0.074219
2 0.359375 0.296875 0.046875 0.031250
2 0.257812 0.412109 0.070312 0.066406
2 0.197266 0.531250 0.097656 0.078125
2 0.130859 0.601562 0.074219 0.085938
2 0.078125 0.669922 0.046875 0.160156
2 0.025391 0.732422 0.042969 0.191406
2 0.072266 0.656250 0.074219 0.093750
2 0.136719 0.533203 0.031250 0.050781
2 0.224609 0.419922 0.128906 0.058594
2 0.400391 0.392578 0.074219 0.175781
2 0.546875 0.603516 0.281250 0.097656
2 0.384766 0.712891 0.042969 0.167969
2 0.328125 0.835938 0.062500 0.242188
2 0.234375 0.867188 0.093750 0.265625
2 0.160156 0.898438 0.062500 0.195312
2 0.097656 0.933594 0.062500 0.117188
2 0.042969 0.980469 0.046875 0.031250
2 0.130859 0.886719 0.066406 0.109375
2 0.207031 0.826172 0.101562 0.113281
2 0.421875 0.648438 0.117188 0.101562
2 0.554688 0.658203 0.156250 0.074219
2 0.564453 0.562500 0.246094 0.085938
2 0.328125 0.527344 0.078125 0.023438
2 0.222656 0.619141 0.039062 0.074219
2 0.162109 0.671875 0.136719 0.093750
2 0.404297 0.875000 0.074219 0.109375
2 0.406250 0.966797 0.078125 0.066406
2 0.326172 0.937500 0.089844 0.117188
2 0.523438 0.970703 0.148438 0.058594
2 0.765625 0.980469 0.031250 0.031250
2 0.541016 0.957031 0.058594 0.085938
2 0.529297 0.701172 0.089844 0.066406
