2 0.357422 0.259766 0.066406 0.074219
2 0.294922 0.312500 0.042969 0.062500
2 0.248047 0.373047 0.050781 0.058594
2 0.492188 0.533203 0.070312 0.066406
2 0.439453 0.134766 0.058594 0.074219
2 0.384766 0.173828 0.050781 0.058594
2 0.476562 0.078125 0.046875 0.062500
2 0.330078 0.263672 0.074219 0.058594
2 0.273438 0.337891 0.070312 0.058594
2 0.214844 0.394531 0.093750 0.054688
2 0.533203 0.621094 0.113281 0.093750
2 0.662109 0.691406 0.136719 0.101562
2 0.710938 0.611328 0.101562 0.105469
2 0.478516 0.701172 0.105469 0.097656
2 0.738281 0.779297 0.140625 0.089844
