2 0.107422 0.171875 0.191406 0.203125
2 0.265625 0.263672 0.109375 0.292969
2 0.419922 0.314453 0.183594 0.316406
2 0.640625 0.304688 0.234375 0.234375
2 0.810547 0.343750 0.074219 0.187500
2 0.847656 0.462891 0.148438 0.183594
2 0.640625 0.513672 0.250000 0.167969
2 0.808594 0.556641 0.062500 0.207031
2 0.156250 0.314453 0.132812 0.074219
2 0.863281 0.634766 0.046875 0.082031
2 0.683594 0.619141 0.203125 0.066406
2 0.476562 0.513672 0.070312 0.089844
2 0.304688 0.419922 0.070312 0.042969
2 0.197266 0.355469 0.066406 0.054688
