1 0.326172 0.218750 0.058594 0.156250
1 0.390625 0.261719 0.093750 0.164062
1 0.218750 0.232422 0.171875 0.089844
1 0.230469 0.298828 0.203125 0.097656
1 0.388672 0.406250 0.199219 0.218750
1 0.265625 0.376953 0.156250 0.066406
1 0.250000 0.437500 0.078125 0.031250
1 0.343750 0.482422 0.203125 0.097656
1 0.513672 0.453125 0.089844 0.203125
1 0.544922 0.466797 0.089844 0.191406
1 0.609375 0.513672 0.046875 0.160156
1 0.437500 0.546875 0.234375 0.078125
1 0.623047 0.619141 0.214844 0.167969
1 0.658203 0.558594 0.097656 0.195312
1 0.750000 0.625000 0.046875 0.156250
1 0.791016 0.654297 0.082031 0.175781
1 0.716797 0.718750 0.152344 0.078125
1 0.468750 0.628906 0.140625 0.085938
1 0.642578 0.761719 0.199219 0.148438
1 0.767578 0.833984 0.074219 0.222656
1 0.843750 0.697266 0.101562 0.144531
1 0.453125 0.312500 0.078125 0.156250
1 0.923828 0.779297 0.105469 0.152344
