2 0.406250 0.494141 0.234375 0.097656
2 0.382812 0.542969 0.195312 0.148438
2 0.328125 0.400391 0.062500 0.089844
2 0.566406 0.326172 0.125000 0.089844
2 0.263672 0.277344 0.082031 0.046875
2 0.611328 0.931641 0.152344 0.128906
2 0.777344 0.941406 0.273438 0.101562
2 0.791016 0.814453 0.050781 0.035156
2 0.714844 0.808594 0.031250 0.031250
2 0.544922 0.765625 0.058594 0.046875
2 0.468750 0.781250 0.031250 0.031250
2 0.599609 0.441406 0.097656 0.031250
2 0.417969 0.701172 0.023438 0.042969
2 0.509766 0.929688 0.042969 0.070312
2 0.617188 0.876953 0.078125 0.097656
2 0.542969 0.832031 0.054688 0.054688
2 0.867188 0.898438 0.062500 0.101562
2 0.935547 0.984375 0.035156 0.031250
2 0.480469 0.320312 0.101562 0.039062
2 0.330078 0.292969 0.128906 0.046875
2 0.287109 0.406250 0.066406 0.078125
2 0.675781 0.394531 0.093750 0.148438
2 0.921875 0.480469 0.101562 0.093750
2 0.800781 0.408203 0.132812 0.097656
