1 0.312500 0.453125 0.203125 0.234375
1 0.492188 0.449219 0.156250 0.437500
1 0.687500 0.529297 0.218750 0.121094
1 0.859375 0.623047 0.125000 0.253906
1 0.718750 0.623047 0.156250 0.089844
1 0.687500 0.419922 0.234375 0.105469
1 0.792969 0.496094 0.078125 0.101562
1 0.623047 0.312500 0.089844 0.093750
1 0.683594 0.373047 0.078125 0.128906
1 0.453125 0.171875 0.093750 0.109375
1 0.529297 0.234375 0.050781 0.140625
1 0.375000 0.281250 0.062500 0.109375
1 0.328125 0.345703 0.234375 0.121094
1 0.537109 0.640625 0.144531 0.203125
1 0.375000 0.593750 0.062500 0.046875
1 0.742188 0.703125 0.117188 0.109375
1 0.857422 0.496094 0.035156 0.101562
1 0.937500 0.671875 0.109375 0.406250
1 0.890625 0.732422 0.125000 0.128906
1 0.337891 0.214844 0.144531 0.164062
1 0.294922 0.076172 0.144531 0.097656
1 0.390625 0.830078 0.093750 0.089844
1 0.304688 0.923828 0.101562 0.097656
