0 0.931295 0.506166 0.137201 0.579785 0.983979 0.269012 0.222177 0.979990 0.259303 0.043367 0.981623 0.259492 0.201183 0.944017 0.260866 0.169540 0.970414 0.263721 0.810373 0.907594 0.319547 0.942723 0.964159 0.324198 0.972694 0.893311 0.411404 0.704269 0.976378 0.428203 0.850639 0.908754 0.475804 0.507973 0.990366 0.513032 0.656139 0.910408 0.503926 0.984840 0.949634 0.510208 0.988227 0.908741 0.627807 0.978012 0.948512 0.641660 0.980306 0.889405 0.732958 0.927478 0.940653 0.759960 0.923774 -1 0
2 0.689453 0.623047 0.105469 0.144531
2 0.753906 0.636719 0.093750 0.156250
2 0.824219 0.617188 0.070312 0.101562
2 0.500000 0.669922 0.125000 0.066406
2 0.603516 0.654297 0.089844 0.121094
2 0.490234 0.759766 0.082031 0.097656
2 0.570312 0.775391 0.070312 0.074219
2 0.644531 0.761719 0.101562 0.054688
2 0.218750 0.921875 0.093750 0.031250
2 0.132812 0.974609 0.234375 0.050781
2 0.291016 0.826172 0.082031 0.042969
2 0.509766 0.492188 0.105469 0.054688
