2 0.361328 0.712891 0.246094 0.207031
2 0.558594 0.763672 0.125000 0.246094
2 0.642578 0.705078 0.214844 0.074219
2 0.738281 0.839844 0.234375 0.132812
2 0.763672 0.705078 0.128906 0.105469
2 0.822266 0.804688 0.152344 0.156250
2 0.236328 0.724609 0.113281 0.175781
2 0.181641 0.746094 0.089844 0.101562
2 0.375000 0.484375 0.078125 0.031250
2 0.429688 0.769531 0.125000 0.164062
2 0.712891 0.541016 0.113281 0.027344
2 0.181641 0.507812 0.074219 0.078125
2 0.279297 0.486328 0.105469 0.050781
2 0.533203 0.523438 0.089844 0.031250
