1 0.515625 0.406250 0.468750 0.578125
1 0.156250 0.435547 0.218750 0.441406
1 0.609375 0.775391 0.265625 0.144531
1 0.759766 0.562500 0.144531 0.265625
1 0.859375 0.796875 0.234375 0.187500
1 0.169922 0.732422 0.222656 0.121094
1 0.156250 0.167969 0.218750 0.085938
1 0.054688 0.263672 0.101562 0.292969
1 0.826172 0.634766 0.238281 0.121094
1 0.376953 0.751953 0.175781 0.191406
1 0.593750 0.126953 0.265625 0.191406
1 0.746094 0.220703 0.085938 0.128906
1 0.759766 0.388672 0.128906 0.175781
1 0.871094 0.886719 0.257812 0.218750
1 0.380859 0.121094 0.214844 0.132812
1 0.042969 0.087891 0.078125 0.167969
1 0.107422 0.603516 0.207031 0.386719
1 0.134766 0.769531 0.128906 0.148438
