2 0.578125 0.375000 0.234375 0.093750
2 0.419922 0.371094 0.089844 0.046875
2 0.337891 0.359375 0.074219 0.031250
2 0.798828 0.498047 0.152344 0.152344
2 0.564453 0.416016 0.191406 0.066406
2 0.285156 0.572266 0.023438 0.082031
2 0.404297 0.585938 0.066406 0.054688
2 0.453125 0.585938 0.078125 0.062500
2 0.328125 0.597656 0.109375 0.078125
2 0.251953 0.531250 0.113281 0.070312
2 0.359375 0.566406 0.093750 0.085938
2 0.460938 0.509766 0.085938 0.050781
2 0.531250 0.562500 0.078125 0.046875
2 0.640625 0.119141 0.171875 0.050781
2 0.906250 0.150391 0.156250 0.074219
