2 0.421875 0.246094 0.078125 0.132812
2 0.558594 0.259766 0.265625 0.152344
2 0.593750 0.156250 0.156250 0.093750
2 0.357422 0.294922 0.058594 0.097656
2 0.357422 0.312500 0.128906 0.078125
2 0.406250 0.326172 0.031250 0.011719
2 0.421875 0.375000 0.312500 0.046875
2 0.634766 0.449219 0.089844 0.210938
2 0.416016 0.492188 0.339844 0.195312
2 0.248047 0.562500 0.113281 0.203125
2 0.437500 0.650391 0.375000 0.089844
2 0.621094 0.562500 0.171875 0.140625
2 0.498047 0.781250 0.269531 0.171875
2 0.154297 0.687500 0.082031 0.187500
2 0.281250 0.734375 0.171875 0.109375
2 0.673828 0.730469 0.097656 0.375000
2 0.464844 0.898438 0.351562 0.101562
2 0.259766 0.828125 0.246094 0.140625
