2 0.542969 0.437500 0.296875 0.234375
2 0.748047 0.371094 0.113281 0.234375
2 0.843750 0.343750 0.062500 0.140625
2 0.900391 0.339844 0.042969 0.117188
2 0.824219 0.437500 0.031250 0.046875
2 0.716797 0.513672 0.050781 0.050781
2 0.566406 0.539062 0.187500 0.093750
2 0.316406 0.449219 0.140625 0.187500
2 0.201172 0.466797 0.097656 0.121094
2 0.064453 0.431641 0.121094 0.074219
2 0.130859 0.468750 0.042969 0.093750
2 0.591797 0.283203 0.183594 0.074219
2 0.371094 0.341797 0.070312 0.058594
2 0.945312 0.308594 0.109375 0.085938
2 0.597656 0.587891 0.070312 0.066406
