2 0.310547 0.126953 0.175781 0.246094
2 0.435547 0.093750 0.066406 0.171875
2 0.515625 0.136719 0.078125 0.195312
2 0.593750 0.199219 0.062500 0.156250
2 0.156250 0.308594 0.093750 0.070312
2 0.296875 0.275391 0.187500 0.089844
2 0.199219 0.054688 0.039062 0.101562
2 0.355469 0.529297 0.140625 0.222656
2 0.214844 0.531250 0.156250 0.140625
2 0.482422 0.546875 0.097656 0.187500
2 0.634766 0.556641 0.191406 0.183594
2 0.361328 0.628906 0.144531 0.085938
2 0.386719 0.388672 0.085938 0.058594
2 0.191406 0.169922 0.101562 0.121094
2 0.468750 0.234375 0.171875 0.109375
