2 0.060547 0.531250 0.113281 0.203125
2 0.181641 0.509766 0.113281 0.207031
2 0.312500 0.503906 0.140625 0.195312
2 0.419922 0.535156 0.074219 0.156250
2 0.503906 0.564453 0.109375 0.089844
2 0.423828 0.423828 0.058594 0.066406
2 0.595703 0.421875 0.058594 0.093750
2 0.660156 0.421875 0.062500 0.109375
2 0.728516 0.441406 0.074219 0.046875
2 0.734375 0.392578 0.078125 0.042969
2 0.482422 0.455078 0.035156 0.152344
2 0.535156 0.388672 0.062500 0.027344
2 0.535156 0.441406 0.062500 0.054688
2 0.597656 0.554688 0.070312 0.062500
2 0.333984 0.568359 0.082031 0.136719
2 0.818359 0.421875 0.121094 0.109375
2 0.943359 0.724609 0.105469 0.066406
