1 0.603516 0.406250 0.089844 0.132812
1 0.710938 0.369141 0.125000 0.191406
1 0.669922 0.580078 0.082031 0.222656
1 0.750000 0.664062 0.070312 0.234375
1 0.443359 0.474609 0.066406 0.253906
1 0.552734 0.558594 0.144531 0.164062
1 0.416016 0.623047 0.128906 0.074219
1 0.523438 0.410156 0.101562 0.125000
1 0.791016 0.472656 0.160156 0.140625
1 0.863281 0.289062 0.085938 0.125000
1 0.943359 0.261719 0.097656 0.203125
1 0.126953 0.312500 0.113281 0.226562
1 0.208984 0.304688 0.058594 0.125000
1 0.205078 0.212891 0.152344 0.082031
1 0.710938 0.736328 0.109375 0.097656
1 0.490234 0.662109 0.105469 0.074219
1 0.964844 0.453125 0.070312 0.218750
1 0.390625 0.509766 0.109375 0.089844
1 0.349609 0.851562 0.128906 0.062500
1 0.289062 0.900391 0.093750 0.066406
1 0.808594 0.738281 0.070312 0.078125
1 0.865234 0.533203 0.144531 0.097656
1 0.265625 0.302734 0.062500 0.089844
1 0.066406 0.427734 0.125000 0.199219
