2 0.369141 0.296875 0.324219 0.250000
2 0.656250 0.404297 0.312500 0.402344
2 0.250000 0.562500 0.492188 0.328125
2 0.884766 0.421875 0.222656 0.375000
2 0.220703 0.326172 0.339844 0.285156
2 0.650391 0.759766 0.332031 0.300781
2 0.634766 0.939453 0.207031 0.082031
2 0.392578 0.810547 0.332031 0.160156
2 0.906250 0.660156 0.187500 0.109375
2 0.173828 0.857422 0.339844 0.253906
2 0.824219 0.816406 0.109375 0.210938
2 0.447266 0.931641 0.222656 0.128906
2 0.068359 0.308594 0.121094 0.171875
2 0.138672 0.179688 0.128906 0.101562
