1 0.273438 0.511719 0.210938 0.023438
1 0.132812 0.570312 0.062500 0.117188
1 0.367188 0.134766 0.179688 0.238281
1 0.546875 0.185547 0.187500 0.097656
1 0.576172 0.187500 0.238281 0.132812
1 0.535156 0.044922 0.148438 0.082031
1 0.253906 0.175781 0.070312 0.148438
1 0.121094 0.173828 0.234375 0.105469
1 0.070312 0.058594 0.132812 0.109375
1 0.642578 0.507812 0.136719 0.265625
1 0.927734 0.660156 0.144531 0.226562
1 0.500000 0.734375 0.093750 0.109375
1 0.970703 0.431641 0.058594 0.097656
1 0.904297 0.496094 0.050781 0.085938
1 0.564453 0.488281 0.058594 0.156250
1 0.705078 0.166016 0.121094 0.082031
1 0.285156 0.474609 0.218750 0.128906
1 0.279297 0.570312 0.246094 0.093750
1 0.570312 0.853516 0.140625 0.144531
1 0.210938 0.062500 0.148438 0.109375
1 0.099609 0.232422 0.121094 0.082031
1 0.179688 0.472656 0.109375 0.109375
1 0.736328 0.488281 0.082031 0.179688
1 0.830078 0.498047 0.128906 0.082031
1 0.845703 0.677734 0.097656 0.121094
1 0.660156 0.917969 0.117188 0.164062
1 0.535156 0.943359 0.210938 0.113281
1 0.414062 0.974609 0.164062 0.050781
1 0.888672 0.205078 0.222656 0.355469
