2 0.541016 0.416016 0.253906 0.605469
2 0.332031 0.373047 0.156250 0.332031
2 0.781250 0.316406 0.234375 0.242188
2 0.734375 0.564453 0.140625 0.246094
2 0.869141 0.486328 0.121094 0.089844
2 0.830078 0.521484 0.121094 0.113281
2 0.876953 0.335938 0.121094 0.210938
2 0.658203 0.160156 0.191406 0.078125
2 0.759766 0.167969 0.136719 0.046875
2 0.332031 0.593750 0.156250 0.109375
2 0.343750 0.207031 0.132812 0.101562
2 0.187500 0.410156 0.125000 0.132812
2 0.125000 0.533203 0.140625 0.105469
2 0.207031 0.535156 0.093750 0.179688
2 0.412109 0.623047 0.167969 0.152344
2 0.789062 0.554688 0.132812 0.132812
2 0.197266 0.308594 0.105469 0.125000
2 0.095703 0.455078 0.058594 0.050781
2 0.310547 0.652344 0.074219 0.062500
2 0.480469 0.716797 0.101562 0.082031
2 0.679688 0.689453 0.125000 0.066406
2 0.056641 0.478516 0.097656 0.121094
