2 0.482422 0.781250 0.308594 0.390625
2 0.841797 0.437500 0.277344 0.296875
2 0.812500 0.794922 0.375000 0.410156
2 0.046875 0.138672 0.085938 0.269531
2 0.060547 0.199219 0.113281 0.304688
2 0.328125 0.304688 0.140625 0.117188
2 0.302734 0.337891 0.199219 0.128906
2 0.876953 0.294922 0.191406 0.136719
2 0.671875 0.531250 0.078125 0.109375
2 0.560547 0.546875 0.199219 0.078125
2 0.339844 0.687500 0.132812 0.156250
2 0.328125 0.886719 0.171875 0.226562
2 0.140625 0.171875 0.046875 0.218750
2 0.042969 0.367188 0.070312 0.117188
2 0.937500 0.248047 0.109375 0.199219
2 0.201172 0.392578 0.074219 0.082031
2 0.421875 0.328125 0.070312 0.078125
