1 0.048828 0.654297 0.089844 0.175781
1 0.166016 0.605469 0.121094 0.156250
1 0.214844 0.498047 0.156250 0.058594
1 0.142578 0.677734 0.121094 0.074219
1 0.041016 0.703125 0.074219 0.140625
1 0.392578 0.496094 0.285156 0.117188
1 0.275391 0.593750 0.082031 0.109375
1 0.328125 0.578125 0.117188 0.070312
1 0.566406 0.408203 0.257812 0.074219
1 0.439453 0.466797 0.277344 0.097656
1 0.607422 0.441406 0.074219 0.093750
1 0.656250 0.376953 0.281250 0.058594
1 0.718750 0.390625 0.078125 0.078125
1 0.744141 0.343750 0.292969 0.031250
1 0.859375 0.294922 0.281250 0.066406
1 0.705078 0.310547 0.128906 0.066406
1 0.828125 0.357422 0.078125 0.066406
1 0.097656 0.578125 0.101562 0.093750
1 0.919922 0.298828 0.066406 0.113281
