2 0.623047 0.386719 0.128906 0.171875
2 0.689453 0.382812 0.074219 0.171875
2 0.345703 0.404297 0.128906 0.316406
2 0.482422 0.328125 0.152344 0.171875
2 0.609375 0.267578 0.093750 0.066406
2 0.451172 0.582031 0.152344 0.156250
2 0.083984 0.695312 0.160156 0.179688
2 0.220703 0.687500 0.175781 0.148438
2 0.294922 0.580078 0.230469 0.175781
2 0.242188 0.335938 0.085938 0.132812
2 0.697266 0.261719 0.066406 0.039062
2 0.791016 0.345703 0.136719 0.160156
2 0.064453 0.582031 0.121094 0.054688
2 0.173828 0.542969 0.082031 0.070312
2 0.705078 0.214844 0.058594 0.062500
