1 0.431641 0.392578 0.261719 0.324219
1 0.615234 0.507812 0.105469 0.406250
1 0.785156 0.640625 0.257812 0.250000
1 0.414062 0.621094 0.296875 0.109375
1 0.292969 0.304688 0.343750 0.289062
1 0.185547 0.539062 0.230469 0.195312
1 0.681641 0.216797 0.214844 0.160156
1 0.093750 0.322266 0.179688 0.246094
1 0.708984 0.394531 0.152344 0.250000
1 0.787109 0.142578 0.113281 0.144531
1 0.900391 0.078125 0.191406 0.148438
1 0.076172 0.140625 0.144531 0.273438
1 0.369141 0.113281 0.191406 0.218750
1 0.562500 0.121094 0.195312 0.210938
1 0.226562 0.113281 0.164062 0.218750
1 0.748047 0.082031 0.160156 0.148438
1 0.787109 0.851562 0.144531 0.117188
1 0.404297 0.921875 0.222656 0.156250
