2 0.626953 0.804688 0.183594 0.140625
2 0.523438 0.775391 0.039062 0.082031
2 0.679688 0.718750 0.203125 0.031250
2 0.742188 0.804688 0.031250 0.132812
2 0.744141 0.892578 0.082031 0.050781
2 0.816406 0.937500 0.148438 0.031250
2 0.884766 0.882812 0.230469 0.078125
2 0.931641 0.917969 0.128906 0.101562
2 0.812500 0.976562 0.078125 0.031250
2 0.730469 0.662109 0.109375 0.136719
2 0.652344 0.648438 0.031250 0.046875
2 0.849609 0.748047 0.167969 0.246094
2 0.980469 0.660156 0.031250 0.046875
2 0.986328 0.736328 0.027344 0.035156
2 0.902344 0.617188 0.078125 0.085938
2 0.587891 0.759766 0.097656 0.089844
