2 0.375000 0.310547 0.187500 0.402344
2 0.597656 0.322266 0.250000 0.464844
2 0.242188 0.421875 0.054688 0.406250
2 0.326172 0.599609 0.285156 0.175781
2 0.515625 0.619141 0.093750 0.121094
2 0.585938 0.566406 0.195312 0.132812
2 0.763672 0.539062 0.136719 0.156250
2 0.750000 0.455078 0.078125 0.222656
2 0.814453 0.236328 0.082031 0.191406
2 0.843750 0.326172 0.078125 0.277344
2 0.687500 0.285156 0.156250 0.148438
2 0.183594 0.423828 0.054688 0.207031
2 0.177734 0.478516 0.097656 0.152344
2 0.242188 0.560547 0.171875 0.175781
2 0.187500 0.529297 0.125000 0.160156
2 0.109375 0.501953 0.031250 0.089844
2 0.117188 0.330078 0.046875 0.050781
2 0.125000 0.279297 0.031250 0.035156
2 0.167969 0.232422 0.054688 0.058594
2 0.228516 0.294922 0.105469 0.058594
2 0.320312 0.240234 0.132812 0.207031
2 0.406250 0.164062 0.101562 0.164062
2 0.552734 0.144531 0.089844 0.117188
2 0.970703 0.214844 0.058594 0.148438
