2 0.400391 0.466797 0.160156 0.074219
2 0.513672 0.468750 0.066406 0.093750
2 0.589844 0.470703 0.085938 0.105469
2 0.667969 0.449219 0.070312 0.132812
2 0.734375 0.433594 0.062500 0.132812
2 0.791016 0.421875 0.042969 0.109375
2 0.808594 0.408203 0.070312 0.066406
2 0.609375 0.427734 0.039062 0.074219
2 0.697266 0.408203 0.066406 0.082031
2 0.941406 0.236328 0.109375 0.027344
2 0.138672 0.470703 0.167969 0.089844
2 0.031250 0.515625 0.046875 0.140625
2 0.080078 0.517578 0.105469 0.105469
2 0.453125 0.261719 0.125000 0.046875
