2 0.277344 0.359375 0.242188 0.156250
2 0.498047 0.343750 0.199219 0.234375
2 0.734375 0.515625 0.250000 0.296875
2 0.230469 0.554688 0.242188 0.109375
2 0.419922 0.564453 0.199219 0.277344
2 0.097656 0.216797 0.109375 0.042969
2 0.173828 0.421875 0.152344 0.187500
2 0.089844 0.421875 0.101562 0.109375
2 0.533203 0.564453 0.144531 0.277344
2 0.742188 0.705078 0.265625 0.191406
2 0.941406 0.845703 0.117188 0.183594
2 0.876953 0.462891 0.128906 0.230469
2 0.828125 0.228516 0.125000 0.050781
2 0.916016 0.246094 0.082031 0.078125
2 0.054688 0.232422 0.054688 0.050781
2 0.636719 0.296875 0.140625 0.140625
2 0.279297 0.652344 0.152344 0.054688
2 0.828125 0.828125 0.140625 0.078125
2 0.279297 0.291016 0.214844 0.082031
2 0.746094 0.341797 0.085938 0.089844
2 0.966797 0.507812 0.066406 0.179688
2 0.978516 0.294922 0.042969 0.082031
