2 0.468750 0.408203 0.578125 0.324219
2 0.527344 0.648438 0.500000 0.171875
2 0.515625 0.779297 0.429688 0.113281
2 0.371094 0.214844 0.281250 0.070312
2 0.634766 0.218750 0.238281 0.062500
2 0.671875 0.025391 0.093750 0.042969
2 0.419922 0.136719 0.121094 0.093750
2 0.197266 0.375000 0.089844 0.234375
2 0.417969 0.837891 0.226562 0.136719
2 0.541016 0.160156 0.074219 0.148438
2 0.296875 0.128906 0.078125 0.085938
2 0.257812 0.222656 0.109375 0.054688
2 0.761719 0.498047 0.093750 0.152344
2 0.761719 0.591797 0.101562 0.167969
2 0.460938 0.074219 0.085938 0.109375
2 0.677734 0.167969 0.128906 0.179688
2 0.759766 0.355469 0.105469 0.148438
2 0.197266 0.416016 0.199219 0.128906
2 0.640625 0.919922 0.179688 0.160156
