0 0.818414 0.833333 0.087818 0.332795 0.848312 0.706012 0.016010 0.846225 0.697307 0.008231 0.849086 0.700453 0.011058 0.830322 0.689666 0.586839 0.847689 0.699224 0.715922 0.807325 0.720481 0.996648 0.846661 0.734985 0.996881 0.788307 0.774968 0.981742 0.851235 0.791765 0.984123 0.782051 0.826412 0.854604 0.850708 0.833615 0.849950 0.802085 0.823740 0.998121 0.828876 0.831373 0.998048 0.801932 0.916018 0.959920 0.827212 0.917319 0.955384 0.796945 0.989175 0.669258 0.829355 0.991782 0.643885 -1 0
0 0.721085 0.827103 0.072201 0.343070 0.730533 0.683096 0.024290 0.729123 0.676924 0.006925 0.729564 0.677162 0.022294 0.711832 0.681917 0.401628 0.728169 0.681742 0.805610 0.697047 0.723835 0.993896 0.735651 0.725211 0.995666 0.690715 0.785437 0.812615 0.749386 0.772127 0.955260 0.699462 0.829239 0.192586 0.743866 0.743140 0.515519 0.710405 0.841935 0.994970 0.731699 0.843098 0.995597 0.728720 0.933829 0.892645 0.733527 0.934799 0.925581 0.736637 0.992064 0.525627 0.718444 0.991228 0.590158 -1 0
0 0.457867 0.834595 0.075179 0.330810 0.464217 0.706178 0.285836 0.461264 0.698795 0.031186 0.462269 0.699089 0.292789 0.441374 0.702507 0.111197 0.454820 0.701796 0.927487 0.428387 0.749207 0.984303 0.462498 0.747738 0.995896 0.423816 0.807328 0.676979 0.477567 0.809336 0.977876 0.437371 0.846674 0.300119 0.482383 0.851753 0.854635 0.439091 0.860474 0.984569 0.462745 0.861882 0.991081 0.444512 0.946597 0.833243 0.478125 0.943481 0.910742 0.443781 1.000000 0.397683 0.483799 1.000000 0.521812 -1 0
0 0.967682 0.805433 0.064635 0.385610 0.972593 0.650175 0.102885 0.967344 0.642917 0.029636 0.971237 0.642857 0.075374 0.947971 0.651767 0.298986 0.969276 0.646293 0.766812 0.942229 0.704215 0.989732 0.984226 0.691497 0.916141 0.944956 0.767224 0.784618 0.998849 0.751214 0.242958 0.961235 0.813889 0.235750 0.995746 0.796716 0.063544 0.965770 0.817727 0.969904 0.993365 0.812799 0.905358 0.974522 0.911183 0.834218 0.997194 0.903624 0.599829 0.977838 0.987060 0.544064 0.997595 0.978110 0.313957 -1 0
0 0.569517 0.808960 0.090972 0.378176 0.576253 0.660686 0.013397 0.574677 0.652482 0.009433 0.576588 0.653669 0.007954 0.565524 0.656870 0.704984 0.586420 0.657736 0.715720 0.549209 0.709438 0.996766 0.596445 0.710745 0.995993 0.533669 0.773681 0.975576 0.606409 0.777993 0.961440 0.538366 0.823267 0.746033 0.603260 0.820675 0.658374 0.557787 0.835107 0.996736 0.588789 0.836829 0.996279 0.562434 0.935158 0.897191 0.586938 0.933354 0.879988 0.565489 0.999025 0.380256 0.587138 0.998953 0.349849 -1 0
0 0.907146 0.827757 0.081949 0.344485 0.904014 0.687616 0.011303 0.902503 0.681115 0.008176 0.905098 0.682033 0.006024 0.899536 0.681772 0.689134 0.918963 0.681842 0.664115 0.888975 0.716100 0.997554 0.932097 0.716947 0.996037 0.872340 0.769959 0.983834 0.943143 0.776625 0.959318 0.880903 0.813884 0.802932 0.942374 0.828590 0.638318 0.894929 0.832550 0.998378 0.923601 0.832630 0.997982 0.896199 0.921185 0.965878 0.925004 0.919670 0.957474 0.896159 0.991892 0.760072 0.925113 0.991167 0.728829 -1 0
0 0.341450 0.846786 0.054471 0.291839 0.335807 0.725261 0.296260 0.337441 0.720192 0.341018 0.337159 0.720742 0.041503 0.342487 0.723706 0.912212 0.351794 0.724412 0.118447 0.333445 0.756980 0.989275 0.360831 0.757289 0.979222 0.320378 0.789887 0.770456 0.364423 0.796474 0.537324 0.328479 0.775041 0.319364 0.357835 0.811045 0.177257 0.336133 0.839338 0.988776 0.354950 0.839770 0.984546 0.332610 0.906172 0.976384 0.356101 0.905060 0.966956 0.331730 0.969324 0.946424 0.355417 0.967561 0.936986 -1 0
0 0.391498 0.844358 0.055492 0.297415 0.390540 0.720208 0.018163 0.389384 0.714914 0.014196 0.390100 0.715698 0.008881 0.384580 0.717537 0.615922 0.398838 0.716638 0.532542 0.377223 0.750077 0.995769 0.407422 0.747266 0.985248 0.371017 0.793852 0.962449 0.414729 0.786207 0.696451 0.373121 0.830814 0.687855 0.413100 0.822431 0.228976 0.383362 0.831694 0.998274 0.405083 0.831401 0.996679 0.379512 0.899612 0.995582 0.405464 0.900388 0.990089 0.374415 0.962079 0.987442 0.404995 0.964034 0.976413 -1 0
0 0.647457 0.824706 0.073757 0.350589 0.653328 0.684982 0.038238 0.651107 0.676768 0.022486 0.653119 0.678400 0.029669 0.638558 0.676923 0.639018 0.655348 0.678890 0.740171 0.623905 0.720524 0.991085 0.663599 0.722194 0.995972 0.616707 0.781646 0.786556 0.672974 0.783045 0.957168 0.618742 0.838570 0.249946 0.675658 0.833922 0.603474 0.630565 0.836678 0.993206 0.658419 0.839117 0.995157 0.632876 0.924388 0.923384 0.659815 0.924037 0.949717 0.634813 0.989323 0.708251 0.659678 0.989895 0.775782 -1 0
0 0.159763 0.773261 0.318954 0.441481 0.162881 0.704441 0.004598 0.156626 0.688782 0.002466 0.166681 0.684991 0.003678 0.111611 0.709177 0.773375 0.196427 0.699360 0.811972 0.062422 0.858157 0.948217 0.251256 0.841176 0.949711 0.030839 0.990820 0.217843 0.294316 0.988193 0.268976 0.066080 0.859346 0.044434 0.270978 0.843417 0.053933 0.081611 1.000000 0.006730 0.209608 1.000000 0.006642 0.098817 0.937654 0.000982 0.220851 0.892263 0.001193 0.128103 1.000000 0.001226 0.212324 1.000000 0.001596 -1 0
