1 0.342727 0.179044 0.303636 0.215666
1 0.265455 0.433876 0.389091 0.145473
1 0.136364 0.900814 0.069091 0.049847
1 0.410000 0.428789 0.107273 0.110885
1 0.657273 0.458291 0.321818 0.072228
1 0.627273 0.561038 0.076364 0.064090
1 0.628182 0.642421 0.078182 0.055951
1 0.733636 0.641913 0.067273 0.067141
1 0.730909 0.561038 0.076364 0.072228
1 0.507273 0.726857 0.083636 0.078332
1 0.508182 0.637843 0.074545 0.067141
1 0.382727 0.650051 0.056364 0.069176
1 0.384545 0.565615 0.067273 0.065107
1 0.268182 0.564090 0.063636 0.068159
1 0.264545 0.646490 0.063636 0.066124
1 0.151818 0.641404 0.067273 0.066124
1 0.151818 0.557477 0.067273 0.061038
