1 0.406355 0.199405 0.083612 0.113095
1 0.892977 0.592262 0.080268 0.125000
1 0.787625 0.306548 0.076923 0.125000
1 0.120401 0.660714 0.073579 0.142857
1 0.224080 0.232143 0.080268 0.130952
1 0.588629 0.839286 0.080268 0.154762
1 0.418060 0.520833 0.080268 0.077381
1 0.749164 0.776786 0.073579 0.101190
1 0.934783 0.273810 0.063545 0.119048
1 0.687291 0.351190 0.056856 0.130952
1 0.292642 0.636905 0.063545 0.083333
1 0.580268 0.473214 0.056856 0.089286
1 0.578595 0.116071 0.080268 0.113095
1 0.792642 0.089286 0.066890 0.130952
