1 0.324198 0.658211 0.033422 0.016021
1 0.514037 0.112817 0.458556 0.222964
1 0.926471 0.549399 0.144385 0.196262
1 0.603610 0.401869 0.485294 0.379172
1 0.257353 0.506008 0.156417 0.112150
1 0.766711 0.735648 0.060160 0.016021
1 0.316845 0.701602 0.048128 0.025367
1 0.377005 0.706943 0.050802 0.022697
1 0.458556 0.730975 0.040107 0.065421
1 0.450535 0.677570 0.040107 0.036048
1 0.537433 0.738985 0.090909 0.028037
1 0.609626 0.736315 0.005348 0.014686
1 0.618316 0.737650 0.004011 0.014686
1 0.653743 0.722964 0.005348 0.078772
1 0.540107 0.715621 0.082888 0.013351
1 0.606283 0.698264 0.004011 0.010681
1 0.614305 0.697597 0.004011 0.012016
1 0.621658 0.696929 0.002674 0.010681
1 0.755348 0.692256 0.072193 0.017356
1 0.854278 0.698264 0.026738 0.026702
1 0.893048 0.702270 0.024064 0.029372
