0 0.488477 0.864980 0.180633 0.270041 0.467357 0.795022 0.010915 0.467156 0.785330 0.009875 0.471275 0.784243 0.009671 0.457197 0.793633 0.833882 0.501492 0.790285 0.814971 0.441830 0.871979 0.989927 0.524348 0.866565 0.989973 0.411383 0.918480 0.932713 0.560579 0.900334 0.956438 0.439894 0.835577 0.724773 0.518194 0.820461 0.814191 0.463112 0.996206 0.129520 0.514105 0.993797 0.134418 0.464847 0.970169 0.002715 0.524888 0.970810 0.003555 0.482087 1.000000 0.000848 0.526205 1.000000 0.001096 -1 0
0 0.186640 0.870552 0.174774 0.258897 0.228808 0.799206 0.025720 0.222128 0.787709 0.014307 0.228405 0.788883 0.024330 0.184165 0.793225 0.789712 0.225825 0.794873 0.907124 0.145691 0.874832 0.992375 0.245190 0.879271 0.990225 0.118780 0.977406 0.650380 0.247224 0.986213 0.443008 0.149879 1.000000 0.097802 0.223901 1.000000 0.041213 0.150260 1.000000 0.020344 0.219067 1.000000 0.017286 0.157817 0.955282 0.001438 0.209475 0.947144 0.001079 0.171275 1.000000 0.001157 0.197200 1.000000 0.000977 -1 0
1 0.350000 0.632000 0.028000 0.042667
1 0.409000 0.629333 0.030000 0.048000
1 0.476000 0.620000 0.028000 0.040000
1 0.542000 0.608000 0.028000 0.048000
1 0.295000 0.645333 0.018000 0.032000
1 0.249000 0.654667 0.018000 0.034667
1 0.207000 0.664000 0.014000 0.026667
1 0.122000 0.669333 0.012000 0.042667
1 0.086000 0.672000 0.012000 0.032000
1 0.047000 0.678667 0.014000 0.034667
1 0.022000 0.680000 0.016000 0.032000
