0 0.916423 0.665686 0.166592 0.542613 0.902557 0.452004 0.994644 0.910146 0.441982 0.978455 0.892336 0.444452 0.982653 0.921548 0.444994 0.797778 0.878456 0.450919 0.838819 0.949913 0.498476 0.995826 0.865882 0.506329 0.995766 0.987932 0.551854 0.978102 0.843036 0.560086 0.978026 0.963657 0.608391 0.970816 0.858661 0.604508 0.969719 0.935881 0.649404 0.998811 0.882189 0.651911 0.998867 0.946742 0.768053 0.997011 0.891008 0.767446 0.996789 0.963460 0.882130 0.978018 0.895802 0.874200 0.977859 0 0
0 0.479768 0.681664 0.102931 0.396179 0.474073 0.525792 0.989948 0.480723 0.518676 0.983911 0.466616 0.519593 0.988779 0.490308 0.523290 0.767027 0.457014 0.525515 0.889530 0.506509 0.570973 0.998681 0.447285 0.573285 0.998538 0.520104 0.632214 0.993542 0.439382 0.634248 0.990938 0.522246 0.683502 0.993157 0.440839 0.687155 0.990556 0.497614 0.687910 0.999321 0.459994 0.689065 0.999301 0.496152 0.770525 0.999216 0.464323 0.770403 0.999149 0.494189 0.847236 0.995602 0.465124 0.845936 0.995226 0 0
0 0.707578 0.684201 0.130732 0.481163 0.706409 0.495774 0.991598 0.714486 0.487053 0.993183 0.699132 0.487362 0.965173 0.727964 0.489854 0.946785 0.691149 0.490677 0.477898 0.748292 0.543677 0.998717 0.687274 0.541549 0.994675 0.761111 0.613394 0.993664 0.674357 0.601541 0.909008 0.753189 0.674577 0.988936 0.653674 0.647816 0.908126 0.728103 0.669453 0.997957 0.690169 0.666264 0.996009 0.716980 0.778330 0.998204 0.695977 0.772834 0.995680 0.708532 0.879056 0.988100 0.696941 0.867351 0.977624 0 0
0 0.378376 0.662133 0.104837 0.467901 0.390733 0.479576 0.994179 0.397237 0.471889 0.947504 0.383843 0.470835 0.995411 0.402414 0.473668 0.203194 0.368097 0.470510 0.968903 0.410333 0.525575 0.998030 0.346634 0.522185 0.998969 0.416886 0.593159 0.981168 0.338422 0.589750 0.996066 0.420683 0.650773 0.982225 0.342026 0.649869 0.995701 0.402152 0.655351 0.999263 0.360684 0.655680 0.999430 0.395838 0.756897 0.999422 0.355774 0.756907 0.999554 0.391740 0.849056 0.996281 0.347904 0.855318 0.996664 0 0
0 0.169134 0.714517 0.112541 0.463417 0.175029 0.533996 0.989298 0.181806 0.525752 0.972062 0.166049 0.526542 0.991005 0.190686 0.528875 0.579137 0.152706 0.530820 0.933136 0.201746 0.580022 0.997050 0.136060 0.582370 0.998497 0.209659 0.646565 0.978892 0.123946 0.650895 0.994660 0.214096 0.705713 0.980568 0.129038 0.712887 0.993399 0.190775 0.701648 0.998617 0.148142 0.703476 0.998950 0.188006 0.803686 0.998611 0.146675 0.805635 0.999049 0.187065 0.896922 0.991372 0.144314 0.905242 0.993248 0 0
0 0.643419 0.643469 0.090537 0.450091 0.634017 0.469797 0.978278 0.642710 0.461428 0.989942 0.626871 0.461137 0.969761 0.656742 0.462263 0.914463 0.617725 0.461481 0.581363 0.675185 0.506981 0.974241 0.610138 0.505713 0.960998 0.688910 0.568696 0.381266 0.605236 0.564374 0.231128 0.678314 0.623308 0.178188 0.607518 0.605854 0.113912 0.663623 0.626391 0.975599 0.621406 0.625264 0.971368 0.665388 0.732603 0.990837 0.623449 0.730767 0.988646 0.662341 0.830333 0.990670 0.627494 0.826674 0.989228 0 0
0 0.564596 0.670499 0.095454 0.422374 0.560526 0.508571 0.972483 0.567085 0.499854 0.969612 0.552971 0.500638 0.977330 0.576617 0.501390 0.750018 0.542293 0.503530 0.854186 0.594470 0.549937 0.993223 0.529593 0.553113 0.985424 0.606602 0.605456 0.730739 0.522086 0.614166 0.572789 0.591048 0.634872 0.505186 0.523820 0.667701 0.387475 0.585088 0.656019 0.994944 0.542859 0.657355 0.992032 0.583272 0.754762 0.998148 0.549052 0.755850 0.996965 0.584087 0.843448 0.996630 0.551368 0.844517 0.994907 0 0
0 0.056921 0.733697 0.113006 0.482968 0.062515 0.540373 0.991731 0.069829 0.532138 0.975545 0.052401 0.532871 0.993463 0.079348 0.537231 0.582276 0.036502 0.539167 0.953267 0.091162 0.587773 0.998124 0.019149 0.592353 0.998780 0.099070 0.655964 0.971631 0.014567 0.672420 0.991075 0.077044 0.713701 0.963139 0.053037 0.722161 0.987277 0.081189 0.719546 0.998588 0.034942 0.722521 0.998811 0.071766 0.821496 0.997793 0.041597 0.821743 0.998218 0.067153 0.915382 0.984265 0.039494 0.920647 0.986137 0 0
0 0.275345 0.688883 0.091068 0.424029 0.278687 0.520247 0.979237 0.285242 0.513322 0.961178 0.271330 0.513368 0.987172 0.293986 0.518315 0.623264 0.260501 0.518588 0.928664 0.305958 0.564707 0.979307 0.246815 0.564961 0.997272 0.314391 0.617791 0.532957 0.242265 0.620911 0.944578 0.302244 0.631525 0.455050 0.248860 0.661506 0.838101 0.299479 0.677584 0.990081 0.260591 0.678473 0.996694 0.296500 0.772138 0.995403 0.263596 0.772224 0.998548 0.295025 0.864906 0.991782 0.266568 0.865321 0.996502 0 0
0 0.792071 0.685095 0.092772 0.447527 0.784723 0.509641 0.982494 0.792584 0.501404 0.986492 0.777653 0.501451 0.947864 0.804873 0.504887 0.899093 0.768724 0.505198 0.487842 0.818027 0.557114 0.997729 0.763937 0.557404 0.952235 0.822935 0.623463 0.984889 0.759421 0.622397 0.364231 0.787857 0.666056 0.960318 0.765415 0.665811 0.411689 0.806431 0.676282 0.996693 0.770355 0.675525 0.983969 0.808284 0.775952 0.998951 0.779292 0.774279 0.993504 0.808515 0.868459 0.997238 0.779929 0.862086 0.988725 0 0
